3.093668407165754086e+00 3.199516902744156344e+00 3.356648969974367347e+00 3.547402931752778432e+00 3.738811647553232920e+00 3.916955140988334971e+00 3.877066550778888843e+00 3.895658886944274979e+00 3.907028316631022680e+00 3.913063323780502589e+00 3.915222969456158442e+00 4.261993911894140119e+00 4.169730948080855093e+00 3.822788227491120239e+00 3.876561521934764443e+00 3.672010452921298018e+00 3.545409280636047100e+00 3.429747267083095075e+00 3.361562796809600240e+00 3.339626362769266166e+00
2.860238355742084515e+00 2.954667307955490596e+00 3.103822561276937897e+00 3.296427007391133035e+00 3.498985603724694471e+00 3.695314474225225521e+00 3.870558003746676690e+00 4.013165737084495532e+00 4.114549460649060464e+00 3.810543861988291425e+00 4.168953368892486466e+00 4.119301136323286094e+00 4.023767628198610780e+00 3.886856957784738054e+00 3.719109971413720572e+00 3.539015661683968972e+00 3.373847952677963669e+00 3.250725467444290473e+00 3.181721263579771364e+00 3.155495838863461522e+00
2.615646867937833076e+00 2.693443459196599221e+00 2.828098560624039415e+00 3.014035131049611405e+00 3.220079135422662109e+00 3.430177021775782542e+00 3.668938965842072797e+00 3.688580522318176236e+00 3.920578652577215273e+00 3.995982293137256836e+00 4.014155407061171132e+00 3.973737400259466757e+00 3.601825733289166998e+00 3.525714314928088733e+00 3.435059479994726495e+00 3.328187033999838729e+00 3.197422906840283297e+00 3.067226645590823253e+00 2.993996231884515691e+00 2.966111465618381793e+00
2.381270409975629221e+00 2.439164570404586563e+00 2.553343222098833021e+00 2.722742227782727120e+00 2.920893272905177973e+00 3.135081056458205229e+00 3.347391287704228002e+00 3.539102451114613412e+00 3.693457699486959456e+00 3.796747443778039521e+00 3.576931820877629953e+00 3.532301238955587674e+00 3.465895915928441706e+00 3.380684551272845617e+00 3.281232492722022442e+00 3.165954377549375920e+00 3.036281644696139370e+00 2.898857063813160551e+00 2.821259721695200007e+00 2.791650086811028775e+00
2.185073769057448878e+00 2.224905333944244834e+00 2.314488092673830266e+00 2.457513781826015986e+00 2.633785714203048300e+00 2.837066511597129637e+00 3.052719078699773991e+00 3.261210074740627185e+00 3.441823411047423509e+00 3.575751209417808330e+00 3.486358110009941669e+00 3.431547736239974888e+00 3.592745861719207845e+00 3.264678796672281891e+00 3.159219779386317484e+00 3.100849595620002841e+00 2.912897176175283764e+00 2.769375906971580648e+00 2.688043350698888112e+00 2.656949537567214747e+00
2.062622281260653612e+00 2.088953769058913501e+00 2.154838890238228721e+00 2.265653949051459559e+00 2.406581257559250897e+00 2.580617134678280689e+00 2.780386731681165902e+00 2.989711075829877274e+00 3.186532202102709821e+00 3.347316232599226282e+00 3.452237814974906449e+00 3.375233818422449072e+00 3.456529000705526045e+00 3.196077893095490285e+00 3.087917545260015828e+00 3.005318643006150481e+00 2.832733359675903895e+00 2.690704258735042487e+00 2.608197839495488335e+00 2.574602712915663894e+00
2.037128741682809885e+00 2.058555367442497452e+00 2.108102294508166441e+00 2.188970255016339461e+00 2.288539908531818323e+00 2.417853839183837117e+00 2.580240288317076303e+00 2.767701809649868672e+00 2.961650420584454046e+00 3.136722540657553626e+00 3.267806672308355420e+00 3.337583964272868631e+00 3.336874252205718427e+00 3.265942706320779543e+00 3.078732667683594659e+00 2.959964380353436564e+00 2.798352918190443628e+00 2.663203029708822722e+00 2.582690580302406058e+00 2.547472464062479958e+00
2.110506750223714256e+00 2.136044419772202829e+00 2.180314402483628733e+00 2.241705271260586940e+00 2.306148016101981391e+00 2.387582903131350243e+00 2.498184065779540663e+00 2.641792108912681680e+00 2.808774504248813475e+00 2.977405411921058676e+00 3.120578442645056683e+00 3.215504973444064607e+00 3.246704564973249774e+00 3.209113879374704492e+00 3.125363346872661374e+00 2.968378428274995429e+00 2.818508786616947592e+00 2.696341185860474443e+00 2.621984071553454587e+00 2.587525425050197114e+00
2.424402115410031477e+00 2.436708065774955578e+00 2.456629094724806173e+00 2.483507495723255687e+00 2.513614431006423455e+00 2.545180243102453499e+00 2.593691214524760369e+00 2.672810151570589099e+00 2.786078567304371756e+00 2.921729793801714603e+00 3.056766226289641786e+00 3.166443037450550335e+00 3.229421817485632396e+00 3.233862027027316177e+00 3.180747422419266446e+00 3.084737288309367997e+00 2.974443102932880389e+00 2.881553363253328559e+00 2.823554988377845909e+00 2.794334400031018184e+00
2.778626729662745820e+00 2.790574163025390408e+00 2.802388481871617376e+00 2.810829908564071111e+00 2.813670523653042377e+00 2.817845533397506319e+00 2.822222333623178869e+00 2.843123917915985288e+00 2.893497103434646611e+00 2.974838821823829083e+00 3.074683464781372777e+00 3.173252767721045142e+00 3.247923334367535109e+00 3.281263265756040770e+00 3.267250337599417520e+00 3.213644961031126623e+00 3.142559975726991084e+00 3.080306911768496025e+00 3.041531539004275864e+00 3.021400672097629414e+00
3.142798224893364800e+00 3.164187333786046441e+00 3.180102591070692597e+00 3.185816921947193681e+00 3.177075131216957615e+00 3.160849585633608960e+00 3.144971870616541043e+00 3.128785776506023186e+00 3.127436931493149164e+00 3.151035401762079857e+00 3.199575626041157861e+00 3.263547815104117511e+00 3.325749104641993803e+00 3.368054862998595134e+00 3.379066148240872369e+00 3.359037575762414018e+00 3.322422562498529075e+00 3.289060121784337820e+00 3.270280195246655364e+00 3.261992277753094083e+00
3.502723090712039689e+00 3.538264662392813786e+00 3.567406062580648740e+00 3.581760511953152371e+00 3.575890748761051618e+00 3.553714187365299981e+00 3.523356440145015256e+00 3.493294223320899228e+00 3.461845344439217875e+00 3.441070545262877811e+00 3.438571506998778560e+00 3.455908075336577401e+00 3.485449808680731731e+00 3.514484548234047434e+00 3.531171178886632678e+00 3.530280355819728211e+00 3.518531404507538873e+00 3.508700430821730887e+00 3.507938141962939405e+00 3.512144329017564459e+00
3.808753795884707749e+00 3.861805803248317570e+00 3.909432383179899606e+00 3.942046237674509346e+00 3.950256769211845764e+00 3.936008477711201436e+00 3.904586870041894198e+00 3.865072521063225519e+00 3.825085006266514931e+00 3.780314800108822482e+00 3.740098697972235264e+00 3.712454092992642618e+00 3.699519116704783617e+00 3.697171021021817161e+00 3.698558249322232427e+00 3.697851693552514529e+00 3.696470005227828537e+00 3.700591224700749304e+00 3.712775523611008932e+00 3.727727628064138266e+00
4.036329771429667090e+00 4.107329091688807665e+00 4.177122498645521986e+00 4.233846031322496373e+00 4.265947204028200268e+00 4.270855152307447611e+00 4.251840560948290104e+00 4.215335032243113567e+00 4.169878535536160946e+00 4.120517993563952430e+00 4.060662105548366263e+00 3.999616986283907938e+00 3.945156522381032982e+00 3.901845076102796739e+00 3.870616244223419766e+00 3.850243263108241720e+00 3.841728980547663763e+00 3.847098721323901849e+00 3.864455793772111125e+00 3.886319624360771829e+00
4.142517533036976118e+00 4.229894823808009185e+00 4.324155405323256041e+00 4.409895810592230347e+00 4.474242106869987801e+00 4.509207755260864481e+00 4.515393230188002427e+00 4.496382154290404110e+00 4.459647665434523844e+00 4.409533524846468211e+00 4.346659653305860793e+00 4.266419901194658415e+00 4.179870573881115270e+00 4.095083135495134030e+00 4.020345551941111317e+00 3.962693172244755591e+00 3.927940182847190265e+00 3.919038951364166579e+00 3.930574672473192699e+00 3.953155632342027381e+00
4.165656958950039623e+00 4.262196484363159676e+00 4.376723515554690636e+00 4.494904907800937544e+00 4.596716222085618142e+00 4.676829008041681668e+00 4.721187277848690300e+00 4.732937044097837109e+00 4.720175526643493491e+00 4.681142221252310165e+00 4.621808736271129980e+00 4.543482905126388083e+00 4.442806180679250261e+00 4.326301276706661092e+00 4.207300227041183227e+00 4.103352962496130907e+00 4.027072303354558791e+00 3.988625402248293650e+00 3.985410483070357834e+00 3.996044826409984374e+00
4.168364504551242966e+00 4.264953479778482937e+00 4.382157105544740361e+00 4.512520116196442999e+00 4.641862763970979522e+00 4.759777222832584087e+00 4.850278800671038226e+00 4.908125292152367258e+00 4.932218718410201319e+00 4.921230540611107429e+00 4.877764974012091415e+00 4.805102108883921197e+00 4.703874750481208622e+00 4.575260973749576188e+00 4.433066468619687228e+00 4.291433651717484032e+00 4.181074597803108972e+00 4.102270867664667975e+00 4.073539853545514511e+00 4.073052859037571416e+00
4.169399469246623191e+00 4.265608010594958088e+00 4.382515496592768400e+00 4.512775209235646123e+00 4.642141013005919525e+00 4.764532921295772105e+00 4.873598648551503487e+00 4.963336498879996839e+00 5.024422721081035270e+00 5.046554151434947677e+00 5.028043532175759722e+00 4.970220576829516901e+00 4.876336588447881759e+00 4.751825135845435533e+00 4.603143674078167713e+00 4.448370488297415548e+00 4.311391230987835499e+00 4.214692018591270184e+00 4.165836778686784037e+00 4.153594928671515696e+00
4.167636541498624503e+00 4.263212250720934016e+00 4.379498034071644952e+00 4.509241285451161652e+00 4.638227370897302748e+00 4.760381284716823203e+00 4.869362778542679848e+00 4.959186440190261003e+00 5.024057715240151545e+00 5.058098512847200467e+00 5.056237498557227816e+00 5.016287663513995909e+00 4.937527046785405993e+00 4.823107191398558591e+00 4.683318312686609808e+00 4.532847059772974418e+00 4.394500597773934203e+00 4.291274592157094503e+00 4.234103865568553893e+00 4.214180562342953351e+00
4.163356854825645215e+00 4.258102237430693826e+00 4.373502542375445223e+00 4.502314896464149285e+00 4.630247641522092117e+00 4.751428558635367061e+00 4.859500037449732801e+00 4.948494084501728452e+00 5.012657284637618282e+00 5.046229294565934609e+00 5.044187292787863264e+00 5.004662579799735056e+00 4.928339974057346140e+00 4.819685148392643725e+00 4.688178167531184215e+00 4.549210867968599636e+00 4.421107707810507215e+00 4.323201935933450812e+00 4.266702743696595412e+00 4.244829480066928618e+00
