3.188649387133577040e+00 3.286558398763413269e+00 3.382193685172892206e+00 3.461921563858417983e+00 3.524825988478468730e+00 3.704880470334765086e+00 3.734699903126518006e+00 3.723820650572416735e+00 3.662623117450804155e+00 3.673779644200214189e+00 3.531629501556740269e+00 3.442361242518415132e+00 3.355913338376113497e+00 3.278618607217015590e+00 3.212917650321480689e+00 3.164580217437995113e+00 3.141012272686648732e+00 3.104624282671749835e+00 3.086035404806954929e+00 3.162529750557169006e+00
3.015555314157887246e+00 3.131111358210004081e+00 3.257479327403396852e+00 3.388306441394110191e+00 3.505939083140602541e+00 3.463024044672410540e+00 3.640639769708327034e+00 3.642755466926435926e+00 3.606936149530537872e+00 3.541956446165162475e+00 3.456458318213517344e+00 3.362436672736319299e+00 3.270772326049514067e+00 3.185921808793477972e+00 3.108590163707135368e+00 3.041228091868817707e+00 2.951328620850342865e+00 2.898096694345462687e+00 2.877394282170697259e+00 2.876220202993263975e+00
2.842799673231412250e+00 2.934699895023087368e+00 3.071341357093620328e+00 3.208250815383671739e+00 3.334864752448418734e+00 3.439037408110109162e+00 3.392014801840780525e+00 3.526075470536079060e+00 3.508976790496802778e+00 3.458872460377570235e+00 3.410829048531120122e+00 3.284820808301316841e+00 3.188842427563290283e+00 3.084746960556056461e+00 2.970929321104674337e+00 2.839100826245315456e+00 2.737917677829226015e+00 2.677934680541158130e+00 2.654882856326832741e+00 2.653858949088322650e+00
2.681611707062860894e+00 2.746916197386940262e+00 2.858598386336886232e+00 2.989247692761963560e+00 3.120309922240648959e+00 3.238154809966147685e+00 3.324955634701562968e+00 3.367858098613186080e+00 3.361978137103334152e+00 3.323176609091759381e+00 3.265015641941924063e+00 3.194865684351905433e+00 3.111469674305447963e+00 2.951358988780508952e+00 2.792046945573331662e+00 2.647167041136102572e+00 2.535204786255250031e+00 2.468656041022475378e+00 2.443286657370685511e+00 2.442443854057851471e+00
2.534421676759983644e+00 2.578495028982670689e+00 2.661768157692464332e+00 2.779597970426553211e+00 2.908216257643811087e+00 3.033562182418302999e+00 3.137566709100612528e+00 3.197193160036855275e+00 3.203002134924215927e+00 3.190195913068845535e+00 3.129564559248268374e+00 3.056307237331393978e+00 2.977951637176493360e+00 2.817733041091286861e+00 2.648347759242164035e+00 2.494450251388499407e+00 2.375135063395024559e+00 2.304057777393515138e+00 2.277215151610479715e+00 2.276764884723971871e+00
2.408962609060085303e+00 2.441519879966741691e+00 2.509513932703162808e+00 2.613941658308189364e+00 2.732535936182269420e+00 2.856460836007695292e+00 2.969983962780917253e+00 3.055691100004739535e+00 3.098905532553464237e+00 3.091196771246644381e+00 3.034835718349885525e+00 2.959234264967516292e+00 2.878237213823187979e+00 2.737956490578503210e+00 2.563865551538023535e+00 2.407450347334064933e+00 2.287358527128410035e+00 2.216648717272440283e+00 2.190883859242413578e+00 2.191499971419801795e+00
2.350942895220335060e+00 2.378095406375650089e+00 2.435854616622942004e+00 2.525945584654482712e+00 2.629204406687657425e+00 2.742393618162644042e+00 2.854784364966599153e+00 2.950782411214569301e+00 3.014014236946876757e+00 3.031189862288576897e+00 2.996700014426539216e+00 2.922539574465707890e+00 2.840496363085447395e+00 2.727555346125496438e+00 2.554337912728265270e+00 2.402995421451021407e+00 2.290255359753362363e+00 2.226982738462696787e+00 2.206617209737492313e+00 2.210034046212165038e+00
2.382350975372427015e+00 2.408081884139675388e+00 2.460268231165231523e+00 2.539127877991408599e+00 2.626589607395292347e+00 2.723363450976203026e+00 2.824329403219142609e+00 2.918788409141154006e+00 2.991874937176804750e+00 3.028232711294424728e+00 3.017105869824569631e+00 2.958920899105327074e+00 2.877920017644778561e+00 2.788139253348429047e+00 2.623549832716402630e+00 2.483021231712663202e+00 2.403486854172771192e+00 2.335002882056261164e+00 2.324746403180139698e+00 2.333652393065471564e+00
2.627962348800282566e+00 2.630632950696052852e+00 2.651017661758085620e+00 2.694848680470824043e+00 2.759190293001043237e+00 2.830574623288141023e+00 2.909322564788050069e+00 2.992096303325752160e+00 3.070446257660705225e+00 3.131293771488944611e+00 3.161642394783390486e+00 3.155312108900672374e+00 3.114036103586313775e+00 3.047974935192415025e+00 2.916930820171328431e+00 2.798045120660469731e+00 2.722149676467382484e+00 2.691160782622195491e+00 2.689900498169329524e+00 2.698889621848800768e+00
2.957315878891165095e+00 2.950837645278554078e+00 2.951927781857960120e+00 2.966368156310911885e+00 2.999633391917271297e+00 3.051057280895110857e+00 3.102631424498973001e+00 3.156651231775768895e+00 3.213137905228424351e+00 3.267243019003040150e+00 3.309955330724168476e+00 3.333833724728723968e+00 3.334269453311611286e+00 3.312326689848247963e+00 3.223655762015618098e+00 3.130012754467161429e+00 3.072084110189957418e+00 3.052553089782692464e+00 3.056137062293439843e+00 3.066010570975490346e+00
3.355818573081414957e+00 3.361947371206578605e+00 3.366360844245119388e+00 3.372793444941349694e+00 3.386697982743585911e+00 3.412074789806239128e+00 3.444476002097605072e+00 3.465973144114089521e+00 3.481806435790312459e+00 3.496337862027628418e+00 3.510887824539604907e+00 3.524644317640256652e+00 3.534366342202528877e+00 3.536746575698432427e+00 3.487964396784842602e+00 3.418659568422288242e+00 3.379539685464432175e+00 3.369393611478288530e+00 3.376349816874409271e+00 3.388220427287637726e+00
3.763417429197049913e+00 3.800705934726947177e+00 3.836857881346495081e+00 3.867138177145507782e+00 3.889051776822822326e+00 3.906195769791025896e+00 3.917922734839814680e+00 3.920685137267832410e+00 3.901764128874893434e+00 3.867827823327195436e+00 3.827179201276695863e+00 3.789117161831898173e+00 3.759694117464944974e+00 3.741595582169420453e+00 3.682365761783103153e+00 3.621195310781295529e+00 3.586229036430345296e+00 3.579040020156399660e+00 3.591589168023181511e+00 3.610749642046645835e+00
3.888414607332064676e+00 3.957338446117178332e+00 4.032765218169220844e+00 4.103789508652379681e+00 4.158784757403916288e+00 4.195352531709354515e+00 4.211051319548118066e+00 4.205558431959151022e+00 4.178911109297812843e+00 4.126628252291500765e+00 4.054394958337402599e+00 3.972131706953894614e+00 3.890829402061409592e+00 3.820643416085173882e+00 3.762440070391004365e+00 3.732294156507401706e+00 3.709375174736296188e+00 3.705467515117416788e+00 3.717269756083525500e+00 3.734242103873155472e+00
3.912139297100753144e+00 3.983480062812917666e+00 4.068398626061853207e+00 4.157001113656626501e+00 4.231615333071646390e+00 4.287016306298483848e+00 4.318917722316597541e+00 4.325389134863966589e+00 4.307610287071517163e+00 4.266887192601448220e+00 4.201784480831340929e+00 4.116040438731253026e+00 4.017221270359361718e+00 3.914822346724500246e+00 3.824133873552043372e+00 3.759871831797064523e+00 3.734870834371410542e+00 3.740884269525881933e+00 3.765684341638181110e+00 3.792848879139304685e+00
3.915811923565032604e+00 3.987086975657500698e+00 4.071930318819402039e+00 4.160457594991398445e+00 4.235010917089324423e+00 4.290368043796694231e+00 4.323252015693947570e+00 4.333064997545940322e+00 4.321476420656733985e+00 4.291359252632642729e+00 4.246127348531849144e+00 4.183163041156155337e+00 4.101033073173208088e+00 4.004579192600904669e+00 3.905310019923962539e+00 3.820774475454323138e+00 3.760589358732399745e+00 3.747863436384423874e+00 3.759983612478671855e+00 3.783378850551693429e+00
3.919162517891837449e+00 3.990377723009134847e+00 4.075152554463409516e+00 4.163611319581845827e+00 4.238109164321163469e+00 4.293424994279247286e+00 4.326250489550304223e+00 4.336068193231621848e+00 4.324512721119122993e+00 4.294416847020184669e+00 4.249569439842864504e+00 4.195912299032513282e+00 4.136283041372543323e+00 4.060218585997015239e+00 3.971689955143343997e+00 3.884116918231712123e+00 3.804368927919303811e+00 3.778361181191436824e+00 3.780497095981768751e+00 3.795420485084893603e+00
3.922064618029475369e+00 3.993228067469460907e+00 4.077943644610688700e+00 4.166343150416337515e+00 4.240690170017241911e+00 4.295325742501779231e+00 4.327355943139861161e+00 4.336802595047438480e+00 4.325722818595933106e+00 4.296642145932349166e+00 4.252246047583392752e+00 4.198623113316291011e+00 4.141934097983775764e+00 4.083965712441969487e+00 4.013235122659701837e+00 3.933121873528930834e+00 3.863810377231740034e+00 3.811560610333654342e+00 3.809028747182262808e+00 3.815866115117836355e+00
3.924324332278886551e+00 3.995447533840875920e+00 4.080117028412069580e+00 4.168470444189339652e+00 4.242274006512611884e+00 4.295619825275612591e+00 4.326128769640293470e+00 4.334542891409953747e+00 4.323483654938552689e+00 4.295727594205331457e+00 4.253546494079630591e+00 4.200734060204334597e+00 4.144073921751952660e+00 4.089119059362949393e+00 4.031943182694398331e+00 3.963301319714707116e+00 3.897239590348154703e+00 3.851344760510134080e+00 3.832959693316875693e+00 3.833716997532143012e+00
3.925989427134013887e+00 3.997083000491796767e+00 4.081718569743642000e+00 4.170035331712401039e+00 4.243030718443698390e+00 4.294664485109004559e+00 4.323103842496095695e+00 4.329908515268282798e+00 4.318451677563883706e+00 4.291738409371655294e+00 4.251937993498041912e+00 4.201968610176438190e+00 4.145650755429872270e+00 4.090717076344598802e+00 4.040409720498156609e+00 3.981965094810096417e+00 3.921355479073769246e+00 3.875322108014611189e+00 3.853455569736214503e+00 3.849840981978008170e+00
3.926914037452354567e+00 3.997991169112228516e+00 4.082607911392281075e+00 4.170908562479258563e+00 4.243498016462525335e+00 4.293681751155182802e+00 4.320071042862742239e+00 4.325040876239575560e+00 4.312666202161937967e+00 4.286423248564601884e+00 4.248394842233314428e+00 4.201166576151490695e+00 4.146526385008142412e+00 4.091604462099135198e+00 4.042663248514349661e+00 3.992147422848980831e+00 3.936938712285908970e+00 3.877144634809281953e+00 3.868550863477334456e+00 3.861956342744848669e+00
