3.135364571670493206e+00 3.241460476495124698e+00 3.398483703372119802e+00 3.588949737970031251e+00 3.780598763571966003e+00 3.960257207166599347e+00 4.117475683847017898e+00 4.244873161214396617e+00 4.336904904755028767e+00 4.388486061548840134e+00 4.398109935223605937e+00 3.958785681813572488e+00 3.927524578368036590e+00 3.875258351362232290e+00 4.010549656976497346e+00 3.736248515847524043e+00 3.681114597137921773e+00 3.545460837472047544e+00 3.465594316855926671e+00 3.432107940780755762e+00
2.899937479393240203e+00 2.993674413121711897e+00 3.142559798770632185e+00 3.334707806421963738e+00 3.537262707403717510e+00 3.734753609460383483e+00 3.913217542284830763e+00 4.061946117797463174e+00 4.172915088400906747e+00 3.863180283975258700e+00 3.862290834162461994e+00 3.841495376067526113e+00 3.797559066407746098e+00 3.733350348385448214e+00 3.855647380728265183e+00 3.676164215274875247e+00 3.504370163618234280e+00 3.369243346088518276e+00 3.287031398622374034e+00 3.249749696608428717e+00
2.654344103819157752e+00 2.731042718905695832e+00 2.865012938504007067e+00 3.050013225818138274e+00 3.255486832611371284e+00 3.466080399126232336e+00 3.665182161869066313e+00 3.838308928091330063e+00 3.973842290706031566e+00 4.062412809402092151e+00 3.745893503145457881e+00 4.075230317155774884e+00 3.996855089346272649e+00 3.582538052739969725e+00 3.495266259973184297e+00 3.513187042167246421e+00 3.333003165396142720e+00 3.190626988605463676e+00 3.103687367147602405e+00 3.064175737109594788e+00
2.421958902042352868e+00 2.479071306492977023e+00 2.591897048172843832e+00 2.759440652229824931e+00 2.955891182609042378e+00 3.340466581328842999e+00 3.382803210852252551e+00 3.578950726188402154e+00 3.741859622941389851e+00 3.655996775348717698e+00 3.917698694033020956e+00 3.589020688154433980e+00 3.852780867983009117e+00 3.731662017389985486e+00 3.344546507788528356e+00 3.244422645622693668e+00 3.179661226083686287e+00 3.030088446226983034e+00 2.938402743731315603e+00 2.896637422839630549e+00
2.234438229829398992e+00 2.273237178088365340e+00 2.360795690038814065e+00 2.500744433487520624e+00 2.673578199057871974e+00 2.873857943271708848e+00 3.088357275975538219e+00 3.299119087238615577e+00 3.486655397467807838e+00 3.632668693043722641e+00 3.722592982456184973e+00 3.748584566037004517e+00 3.707994087595187782e+00 3.325965289058610885e+00 3.225555928741446809e+00 3.121037986556727706e+00 3.017678055881654053e+00 2.910997106600405893e+00 2.816053165961554416e+00 2.772445330130861585e+00
2.127580385283772468e+00 2.153141549385382714e+00 2.216827819962948976e+00 2.323663475455832295e+00 2.459358540330903953e+00 2.627562031444933499e+00 2.822614747939379054e+00 3.030534961904459035e+00 3.231120437566411763e+00 3.401776013035608059e+00 3.522434144767108588e+00 3.434548119721192005e+00 3.353313938408044148e+00 3.258654838570585799e+00 3.156560115331687122e+00 3.051987918219602136e+00 2.950997042244338786e+00 2.842431280717193420e+00 2.747155450190601034e+00 2.701468230714117791e+00
2.123036772852270992e+00 2.144463473484205629e+00 2.192452822433439863e+00 2.269547317128695507e+00 2.363231380451724206e+00 2.484509520562856899e+00 2.638287824917828761e+00 2.819391724324441295e+00 3.012101775328333453e+00 3.192889249953110298e+00 3.336888878347074705e+00 3.425502724855592263e+00 3.447089426041549665e+00 3.249920580274927140e+00 3.287342065993739126e+00 3.131822663804956886e+00 2.964557295273060777e+00 2.823052906470662649e+00 2.731418474650218364e+00 2.685049515040812018e+00
2.219305358808831841e+00 2.245728765357061452e+00 2.289582608614589176e+00 2.348535295777027798e+00 2.408244062798935214e+00 2.481583376224837600e+00 2.581307263920550099e+00 2.713929243411974390e+00 2.873620310683669299e+00 3.041895984987726731e+00 3.193010479177655458e+00 3.303433371981701949e+00 3.355309917182559332e+00 3.304283701339604917e+00 3.260868078885796884e+00 3.133433095039768190e+00 2.988453750135832809e+00 2.862222455211052008e+00 2.778563442003842976e+00 2.734165534641962658e+00
2.546242509936570197e+00 2.561351229291047638e+00 2.583706359679327047e+00 2.611684682319410200e+00 2.640257522700505177e+00 2.666702581363897373e+00 2.705736490054556853e+00 2.772324209271874729e+00 2.873499723124472549e+00 3.001832468064568715e+00 3.137332760459425440e+00 3.255817243382845838e+00 3.334247348878109474e+00 3.357496201859778040e+00 3.322439753950077179e+00 3.239605216436955981e+00 3.134702272978115101e+00 3.039299779753775521e+00 2.974126220778278373e+00 2.937076493366616692e+00
2.910041964844036766e+00 2.925890874760532334e+00 2.942158324181332052e+00 2.954798303838233497e+00 2.959845836778132622e+00 2.962291314613688886e+00 2.960540461044812943e+00 2.970786287848947271e+00 3.007997131189656503e+00 3.077629267551720726e+00 3.171272949096379801e+00 3.271345328370605099e+00 3.354890198228080767e+00 3.401920596053859658e+00 3.402547894027474928e+00 3.360371440014238154e+00 3.294460978711927446e+00 3.255853505962151839e+00 3.186554911821345648e+00 3.160455816382280680e+00
3.279664487862946842e+00 3.305149655206780945e+00 3.326505621639241461e+00 3.338405948361282238e+00 3.334863621008654189e+00 3.320586346264803534e+00 3.301761074439382604e+00 3.278131354019045762e+00 3.265537336550411229e+00 3.276744112010795629e+00 3.315458986239890216e+00 3.375252905715724783e+00 3.440035622394765014e+00 3.490373726238691798e+00 3.511755683128298333e+00 3.500571251554738250e+00 3.468219487730221484e+00 3.433881529593814541e+00 3.410999940742294623e+00 3.398266545775383562e+00
3.628915453417502324e+00 3.668092691974047082e+00 3.702604459117253111e+00 3.723903714570679924e+00 3.724887960208672855e+00 3.707318259956709383e+00 3.677247891385523992e+00 3.642282665610107717e+00 3.602194424075935153e+00 3.570667206079643385e+00 3.558057788726259663e+00 3.568769514478692173e+00 3.596942879049215058e+00 3.629605642044618108e+00 3.652775023504777785e+00 3.657985935311659720e+00 3.649158864894940457e+00 3.679601130969174960e+00 3.634248401790957317e+00 3.635100017502375103e+00
3.901435631390928638e+00 3.957201698015264668e+00 4.009321881833213475e+00 4.048329593571931007e+00 4.063583375400837028e+00 4.054990629379479294e+00 4.025780615048478062e+00 3.983686035735640729e+00 3.936579768700517512e+00 3.882698497262930371e+00 3.833488375840212292e+00 3.799282852211691264e+00 3.783898954957492844e+00 3.783350151090909552e+00 3.789243900114194652e+00 3.793054622066813764e+00 3.793750502253719681e+00 3.796828710836361420e+00 3.806261225325490827e+00 3.818610772843805012e+00
4.096661473858120850e+00 4.169073741408436007e+00 4.241532553458493560e+00 4.302776599941672941e+00 4.340420013684797240e+00 4.350312277449882359e+00 4.333716028137648557e+00 4.295670527488791635e+00 4.244514781153105432e+00 4.186844794061229003e+00 4.119115251578732817e+00 4.052628786018655838e+00 3.996602454840409546e+00 3.955696758622122999e+00 3.929446952027515039e+00 3.914060791844180986e+00 3.908173054252785494e+00 3.913152793955448683e+00 3.928434010443230040e+00 3.948280725053983975e+00
4.188214901250943534e+00 4.275601539389551675e+00 4.369160573464374586e+00 4.456790576508322665e+00 4.523085731964368250e+00 4.560912236016407384e+00 4.571116166832480232e+00 4.548366996246856253e+00 4.503314270115478024e+00 4.445337101930338264e+00 4.375538870418975712e+00 4.295998279614267723e+00 4.206442482299027397e+00 4.125937688721050378e+00 4.058787346534294294e+00 4.008607867161592786e+00 3.981535111124800075e+00 3.971246352017643755e+00 3.981673664157248549e+00 4.003075654247751025e+00
4.216229070329683637e+00 4.312263873201363396e+00 4.426231096850847813e+00 4.539224481666749078e+00 4.638863752501917403e+00 4.713302040389381276e+00 4.756463006692667861e+00 4.766511984599683061e+00 4.746373526674564580e+00 4.704567710444941930e+00 4.640274920660246494e+00 4.554736249987658248e+00 4.453892395775774560e+00 4.343798883276003941e+00 4.236488081556196938e+00 4.142408647079346196e+00 4.075318422564760290e+00 4.037743040635716874e+00 4.032852524018502471e+00 4.046899189903875538e+00
4.220471013302632635e+00 4.316814658249048975e+00 4.433232476420953638e+00 4.562835483685988791e+00 4.691646312478339631e+00 4.809698111630313022e+00 6.117953467958362701e+00 4.941840237504183442e+00 4.958312583738367252e+00 4.940986100357226185e+00 4.892820166625625689e+00 4.818746163263171844e+00 4.719155039108339444e+00 4.596606676894153587e+00 4.461876274650493635e+00 4.330393193929753970e+00 4.222344258797519956e+00 4.155104323258906440e+00 4.123321456052612355e+00 4.123724324087549853e+00
4.222489388859187898e+00 4.318686395219358154e+00 4.434955517958385052e+00 4.564479435693751697e+00 4.693766882850292532e+00 4.817209621581319823e+00 4.928880713110530998e+00 5.020304584031982209e+00 5.076680470139464774e+00 5.094115769022896423e+00 5.072211453116802105e+00 5.013337457417231136e+00 4.921302913982710692e+00 4.815790531739770231e+00 4.656649025559289612e+00 4.505313288104649594e+00 4.370374950811853232e+00 4.273770085625892889e+00 4.224794610041071152e+00 4.209323344903099340e+00
4.221912226785557110e+00 4.317550492012544261e+00 4.433284462854990338e+00 4.562418028524755087e+00 4.691502170609904709e+00 4.814956551072602231e+00 4.926871978863965218e+00 5.021601772557917620e+00 5.093550873283833269e+00 5.136765864142991411e+00 5.143376835337310382e+00 5.106863742055486988e+00 5.029308498779391456e+00 4.915983330991419820e+00 4.775963733190075722e+00 4.622016709290111436e+00 4.477837871674166692e+00 4.367913306028326836e+00 4.305088470316422722e+00 4.280587645975567845e+00
4.218020076704555699e+00 4.312874931755064090e+00 4.427794982482164521e+00 4.556148859718192057e+00 4.684467982055097401e+00 4.807359971739304960e+00 4.918910363017518605e+00 5.013466941681699929e+00 5.085438630848800656e+00 5.128924179145176510e+00 5.138376173870723207e+00 5.110871666514134937e+00 5.045575319791364421e+00 4.945023902397235105e+00 4.814550222817907787e+00 4.668358404541416817e+00 4.528176364686048672e+00 4.417804757640323210e+00 4.351161174290970379e+00 4.322267509329958735e+00
