3.076824657058556678e+00 3.182092073807933907e+00 3.337739493605831331e+00 3.526386729342760429e+00 3.714334036447422882e+00 3.886834618242949624e+00 4.031815183211785225e+00 4.140660863409708625e+00 3.846180072571859121e+00 4.231685164537362098e+00 4.212320815889436965e+00 4.148558459473955295e+00 4.042794355679318663e+00 3.865112200444747792e+00 3.685324577186672279e+00 3.571368211694479822e+00 3.421954578693992222e+00 3.320476941383846636e+00 3.271389511158948604e+00 3.265421772546292178e+00
2.847040724366717956e+00 2.942756966722655410e+00 3.090818698455501501e+00 3.281685713948632177e+00 3.481166089398009422e+00 3.672223753717592576e+00 3.839118783232859489e+00 3.969669808670099442e+00 4.055203550096405429e+00 3.748129579132141398e+00 3.747212819359095448e+00 3.725775107175968159e+00 3.680457619685713055e+00 3.612846798956876437e+00 3.523979883701682692e+00 3.400170389049713915e+00 3.251309872014302549e+00 3.146118058697396247e+00 3.094061613096361629e+00 3.080556122221457915e+00
2.604878713993258099e+00 2.684533310874976930e+00 2.818838495050694615e+00 3.003866468374439158e+00 3.207713326516341557e+00 3.413393357037819875e+00 3.602295510589501593e+00 3.758170298863453773e+00 3.868479938941698837e+00 3.639742394454519747e+00 3.627124426353872000e+00 3.857776106879878597e+00 3.743878053486875412e+00 3.456781171748260384e+00 3.412718861165397133e+00 3.229103216132305665e+00 3.068648870323273492e+00 2.956966155510456051e+00 2.901518097668014384e+00 2.887112056711723440e+00
2.369739727164906551e+00 2.428495031539025906e+00 2.543395615105735530e+00 2.713303610504337549e+00 2.910910439842109287e+00 3.122396688619218708e+00 3.328556833442801288e+00 3.509634026786884409e+00 3.648477839275154455e+00 3.731846284858729490e+00 3.510366381677187508e+00 3.706679307046790051e+00 3.397155484043747897e+00 3.308252661306303466e+00 3.194194944366662181e+00 3.057071058324342783e+00 2.897159894115735934e+00 2.778592882722694224e+00 2.719510403333554649e+00 2.704134906077920064e+00
2.164271200902601500e+00 2.205263009150559395e+00 2.296691810925086230e+00 2.442107083359820408e+00 2.620352593040931488e+00 2.823849192500708316e+00 3.036223647918917745e+00 3.465245927331702891e+00 3.403093364464933490e+00 3.517655276872799774e+00 3.567327666378858009e+00 3.547939135816389644e+00 3.285541463250975180e+00 3.187747379254539659e+00 3.135206463742643557e+00 2.936915842918769393e+00 2.759527547638222167e+00 2.634774229708215287e+00 2.572390652367090969e+00 2.556130361373325055e+00
2.024473058012572046e+00 2.051832449628759658e+00 2.120150862049931195e+00 2.235035455438458829e+00 2.380808947845668655e+00 2.559031573454603858e+00 2.760014556525783647e+00 2.965314545661148049e+00 3.151498977625655673e+00 3.294995110561941054e+00 3.377224623206195542e+00 3.389217782921543964e+00 3.219340502592606068e+00 3.207224125692484051e+00 2.990435217650242006e+00 2.846368470113636917e+00 2.670604888210415417e+00 2.544086581828814086e+00 2.479555505587042408e+00 2.461158475449932048e+00
1.975497026325259586e+00 1.997083854332801112e+00 2.048623657802149722e+00 2.134046573354390741e+00 2.240347754632325383e+00 2.377653946278717623e+00 2.546698423193087368e+00 2.736233173708970234e+00 2.925145221107186000e+00 3.087218509914033682e+00 3.198231834865391310e+00 3.243188941431202288e+00 3.216152440774352250e+00 3.100198186656063726e+00 2.972983212571174150e+00 2.797319369086807672e+00 2.630743844296409950e+00 2.508406500430178099e+00 2.444166869185175006e+00 2.423345188251587956e+00
2.023410204977177607e+00 2.047905432066637221e+00 2.092908103854317137e+00 2.157818075441462202e+00 2.228752036476212783e+00 2.319884757943152298e+00 2.441492424809013073e+00 2.593718981239153010e+00 2.763006140562384694e+00 2.925301868217721868e+00 3.053435848584765022e+00 3.126572573582754089e+00 3.132515645621031020e+00 3.070218889207383839e+00 2.950972411732198708e+00 2.798551271537762286e+00 2.648668470919732787e+00 2.536320236469481681e+00 2.476038712248512574e+00 2.454679698415132005e+00
2.321671639659781405e+00 2.330573772947814870e+00 2.347900112825187957e+00 2.374470580734799441e+00 2.408095106925213447e+00 2.447410397844434371e+00 2.507526328943768590e+00 2.599421989984715076e+00 2.722270152171840429e+00 2.860362116729228799e+00 2.988934037663235177e+00 3.084070599907876797e+00 3.127251185807538469e+00 3.110587434677241525e+00 3.039475246389433671e+00 2.932596664634131489e+00 2.820947278477328179e+00 2.735205410703561046e+00 2.688082478873339287e+00 2.669039946370448391e+00
2.666514090483263821e+00 2.673561927292710472e+00 2.680193150770052046e+00 2.684571182325641736e+00 2.686751747548436597e+00 2.695447866206789556e+00 2.709013091077452362e+00 2.742663108222555657e+00 2.806058048650281300e+00 2.896420380861651545e+00 2.997997532346669214e+00 3.090156070342052974e+00 3.151921101721174345e+00 3.169234288221230322e+00 3.140305936056908109e+00 3.076945541088896174e+00 3.003772075375990891e+00 2.946466527062993279e+00 2.915756073288040096e+00 2.903157997660252398e+00
3.028245754775013232e+00 3.044396443276272901e+00 3.053817444116611046e+00 3.052974166838589909e+00 3.040025650181759076e+00 3.024333382063604692e+00 3.014741803416381760e+00 3.008964863235081388e+00 3.020217386448687868e+00 3.055280734800734255e+00 3.110665444032918447e+00 3.174793067233349309e+00 3.230695170863630228e+00 3.262520989650820269e+00 3.262463187290587818e+00 3.234579179420769890e+00 3.195859359552835954e+00 3.165914981909829784e+00 3.152983815099063225e+00 3.150030375519379255e+00
3.394825960305578150e+00 3.425889276958188123e+00 3.448839682146483288e+00 3.455919898924932010e+00 3.444045874082257264e+00 3.419532365802654184e+00 3.392183522027620413e+00 3.370353860152083492e+00 3.349528284181087390e+00 3.339424080674354922e+00 3.344861345516900730e+00 3.365264730273945570e+00 3.392477946521118781e+00 3.415080916709178460e+00 3.423967613490815687e+00 3.417166975536936491e+00 3.403736048096687394e+00 3.396451442370413076e+00 3.400022210831481484e+00 3.407968461304202279e+00
3.733905873991469893e+00 3.784062683746650890e+00 3.827173895132260473e+00 3.853861149429236743e+00 3.856514152529437300e+00 3.839354583780149710e+00 3.809363418159913639e+00 3.776064854352543243e+00 3.745523759052532764e+00 3.709996872651643240e+00 3.676581872236005744e+00 3.651547215631501864e+00 3.636566264161201989e+00 3.628530727320431026e+00 3.622919015583247138e+00 3.616780494155773074e+00 3.613587358397755800e+00 3.619495866413898089e+00 3.634943970185777751e+00 3.652576302012480625e+00
3.991909728736775520e+00 4.062029160289539753e+00 4.130208465573248944e+00 4.184096280600401840e+00 4.213272967782436318e+00 4.216908259506014112e+00 4.199887482165602925e+00 4.169114844704530753e+00 4.132034248737836535e+00 4.091215986254749026e+00 4.036919421364411953e+00 3.976910723654032420e+00 3.918652218236994944e+00 3.867805277982597989e+00 3.827683000265889035e+00 3.800054363652886291e+00 3.788066627423774424e+00 3.793788920516296237e+00 3.813312830108259721e+00 3.837097991618396708e+00
4.097760777904413843e+00 4.186224933525021008e+00 4.282108056621937386e+00 4.370788963225586521e+00 4.436664696733235047e+00 4.475910915331979822e+00 4.486053410098593375e+00 4.481187463595261100e+00 4.449229627453083147e+00 4.401808948701108726e+00 4.350005360597232418e+00 4.267710696872532239e+00 4.172795969793974713e+00 4.078543066706656894e+00 3.989806635903994092e+00 3.920703881342431529e+00 3.878671619303768026e+00 3.866988355036522496e+00 3.879322008360053253e+00 3.903208386946216635e+00
4.110934210584110460e+00 4.207269650217796197e+00 4.324527002369945805e+00 4.449445809949591712e+00 4.558222494517032430e+00 4.642094004636155624e+00 4.696697179968601255e+00 4.721425646942934762e+00 4.717444578755875639e+00 4.687421006830064130e+00 4.635660002937994406e+00 4.552392655768358942e+00 4.443544670922769946e+00 4.316160442532499530e+00 4.189281471983334448e+00 4.068004198895851076e+00 3.982123720982808646e+00 3.937488887433947315e+00 3.930661368337741823e+00 3.945418265739844887e+00
4.113424713770169383e+00 4.209581204310289593e+00 4.326726798529773710e+00 4.456719968212286886e+00 4.584459225448280328e+00 4.703334406871918283e+00 4.802559438024744942e+00 4.869824725671822563e+00 4.902351458927073580e+00 4.899047513690586442e+00 4.859316438636086311e+00 4.785169434566329372e+00 4.680517735237368804e+00 4.544113510876091944e+00 4.393027703837886655e+00 4.245311655506780468e+00 4.124800055373627927e+00 4.048650119628480759e+00 4.018542464428111138e+00 4.020100035977642428e+00
4.113842366536585082e+00 4.209511844760679189e+00 4.326232206599744501e+00 4.455977302776172877e+00 4.583601793812476011e+00 4.702524048712522386e+00 4.805979921189476478e+00 4.887704809662227312e+00 4.941898316565286109e+00 4.963093511974521199e+00 4.945556595169626313e+00 4.887147667246817484e+00 4.791472765733280959e+00 4.665296169386829561e+00 4.517908498161760100e+00 4.366635897022276502e+00 4.234975100581840124e+00 4.143863883004000215e+00 4.099755774879644044e+00 4.090857530454087509e+00
6.044819555229108410e+00 4.206999370925774251e+00 4.322940329482487520e+00 4.451930884265038024e+00 4.578854954015411316e+00 4.697120439129413683e+00 4.799979455910357018e+00 4.881204291311167509e+00 4.935086049067114011e+00 4.956240156114440687e+00 4.940551608045265830e+00 4.887488568128445898e+00 4.799534234507309982e+00 4.683067306841279809e+00 4.549331193132096551e+00 4.411464240658050429e+00 4.287835584800396838e+00 4.198284598879757468e+00 4.151359820939139134e+00 4.138081533546321467e+00
4.108451793440206501e+00 4.202453150191034936e+00 4.317299667676372188e+00 4.444954037164269067e+00 4.570102991214701760e+00 4.686350999893878821e+00 4.786860783299467847e+00 4.865298428534515551e+00 4.916819377477339437e+00 4.936508562993761728e+00 4.920558573371768496e+00 4.868309600304996820e+00 4.782175924932304589e+00 4.668457734899089218e+00 4.538080473667793768e+00 4.406940200275069053e+00 4.295259833997284282e+00 4.215457039007262985e+00 4.172498205346743205e+00 4.159457430024160018e+00
