3.193114706441748663e+00 3.298855752643623518e+00 3.454767109517188128e+00 3.643489727108283560e+00 3.898572170584338359e+00 3.938314775074886587e+00 4.169157084954314918e+00 4.298793879053004474e+00 3.994774040876337473e+00 4.455310122361534120e+00 4.481363961943452878e+00 3.995174087537303187e+00 3.964199947854998296e+00 3.912423699785352760e+00 4.131640923581847424e+00 3.777347910700311839e+00 3.796726088046260994e+00 3.659671444752587099e+00 3.613278276814837042e+00 3.528321520819468038e+00
2.957430765362664360e+00 3.050564001235209322e+00 3.198366919286354193e+00 3.388814020101833968e+00 3.589561849001714933e+00 3.785639771385933550e+00 3.864346553438895437e+00 3.882999794535387128e+00 3.894406191223530378e+00 3.900460718246499869e+00 4.332236760996400093e+00 4.311122881739545498e+00 3.835477385781473458e+00 3.771914200577065834e+00 3.979133184702221548e+00 3.804064817956329225e+00 3.630310301000837292e+00 3.487620575768523246e+00 3.395324461578258290e+00 3.348446943634125095e+00
2.711824455406647516e+00 2.787649600320686538e+00 2.920407042352063609e+00 3.103589819907919267e+00 3.307093914601723306e+00 3.515954101692611022e+00 3.714309742321268981e+00 3.888614516660338527e+00 4.028149964985191289e+00 3.796425053625842594e+00 4.169883750519638888e+00 4.161987623819685567e+00 4.099191409253426066e+00 3.622707661348581354e+00 3.536428409740155487e+00 3.448019476082693657e+00 3.453626740800069150e+00 3.312855267135909720e+00 3.215546755919170607e+00 3.166008476709801123e+00
2.480997170753205250e+00 2.537199408605276485e+00 2.648488650780137288e+00 2.813811125167519300e+00 3.007797552592286650e+00 3.218768463509816158e+00 3.430708331609123807e+00 3.627143254286878449e+00 3.793287907771917045e+00 3.916526124981671853e+00 3.672572758334876397e+00 3.999842076675672153e+00 3.564517340350441987e+00 3.847976839261514570e+00 3.387540554834342021e+00 3.503858885654475674e+00 3.204299297213427877e+00 3.157469750124195063e+00 3.055216218460966360e+00 3.003034278289184122e+00
2.299052797705797069e+00 2.336780658087791451e+00 2.422454864097934202e+00 2.559569302552717307e+00 2.729051669415935244e+00 2.925664236084854597e+00 3.137035785316595327e+00 3.346492175975293026e+00 3.535890962243936286e+00 3.687951796287604722e+00 3.584416583191341488e+00 3.829115378357841326e+00 3.458309007804405866e+00 3.369195306879977370e+00 3.577394230232362915e+00 3.170272364166256907e+00 3.079210490784476839e+00 3.045861592773725590e+00 2.939647119042381185e+00 2.885458801666181738e+00
2.202794459328104804e+00 2.227482252442886779e+00 2.289283520096752511e+00 2.392921750081559384e+00 2.524402716888645148e+00 2.687320322057073163e+00 2.876922232451251116e+00 3.080876001222148997e+00 3.280825758499674727e+00 3.455606695787205584e+00 3.539699044646901882e+00 3.476428152523866277e+00 3.396195854915361689e+00 3.302766002841318382e+00 3.202079236266559548e+00 3.102283349547398039e+00 3.011998257291806702e+00 2.976467222044792305e+00 2.879513172572083057e+00 2.823877430707164127e+00
2.213419241834170048e+00 2.234537388026907490e+00 2.281214766163452978e+00 2.355553905208688015e+00 2.445055554162003819e+00 2.560059109770705721e+00 2.706029995131318699e+00 2.879688293753424499e+00 3.067889477423113131e+00 3.249330556509180568e+00 3.553837904187946428e+00 3.501984676214796366e+00 3.541221441245872903e+00 3.512455179130328009e+00 3.194455671444582645e+00 3.098827488145354803e+00 3.115706702099887870e+00 2.951385137280957416e+00 2.872242332475668736e+00 2.816891257365746082e+00
2.327431875734554456e+00 2.354191398917681699e+00 2.397630099054316677e+00 2.455020823761720372e+00 2.511846566982946172e+00 2.579597472959082261e+00 2.670658977751922514e+00 2.792956956558053871e+00 2.943684064778843812e+00 3.107669642168334079e+00 3.261416933919394356e+00 3.436535003167602298e+00 3.449652977020535971e+00 3.347793705090130967e+00 3.250064397952324047e+00 3.160267338034145723e+00 3.143453014490015018e+00 3.013041493946527094e+00 2.926578155076030363e+00 2.874286025077789297e+00
2.665030632585942083e+00 2.681964137239627899e+00 2.706105132961600379e+00 2.735326129323327304e+00 2.763748970660375726e+00 2.787502537463054875e+00 2.819962500711021391e+00 2.876209615499485395e+00 2.965584696248229069e+00 3.084479245976499584e+00 3.216494599244672958e+00 3.339156615338091605e+00 3.428900086833899241e+00 3.468195558286565561e+00 3.450278559369365006e+00 3.358821753194724202e+00 3.276395193770279324e+00 3.189365456289977363e+00 3.119528145212931314e+00 3.076216683404811914e+00
3.038442652360595186e+00 3.056956019595173046e+00 3.076528526508266914e+00 3.092769074237236016e+00 3.100622369165598080e+00 3.103317447040349286e+00 3.098285565938226682e+00 3.100738030724937921e+00 3.126503988425726632e+00 3.184046693942828909e+00 3.269062323495474764e+00 3.367062308831531237e+00 3.455951804505948299e+00 3.514206499948616891e+00 3.528590135363521174e+00 3.498656138674342220e+00 3.439900295260092111e+00 3.377104016748400550e+00 3.329439373391335000e+00 3.298458414036856468e+00
3.415730197690364456e+00 3.444032139098714751e+00 3.469439584836205182e+00 3.486451885889889191e+00 3.488045629432087402e+00 3.477050598961644479e+00 3.457876011711328079e+00 3.429769111465017950e+00 3.408316859020406486e+00 3.407911807482078892e+00 3.435637192082510172e+00 3.488649837450995328e+00 3.553017422776018286e+00 3.609096625791279767e+00 3.639902687890015365e+00 3.638076949626251722e+00 3.611540340542949146e+00 3.578077843556137783e+00 3.552504821843514904e+00 3.535993359872429131e+00
3.745028542124295701e+00 3.786872920732513581e+00 4.665084197031538871e+00 3.852767375494039026e+00 3.860299702511325926e+00 3.848238871946231932e+00 3.820632355390241042e+00 3.783645101517234544e+00 3.737394403953866018e+00 3.696262117766803357e+00 3.672936247439928081e+00 3.674935577524018004e+00 3.699014207311561719e+00 3.733014833533578436e+00 3.761497257480632683e+00 3.772934437386024520e+00 3.768080258140002581e+00 3.757526725888510111e+00 3.751104523355780707e+00 3.748933007504750226e+00
3.986757889644771957e+00 4.044708512258798017e+00 4.100668084380892253e+00 4.145484944597538579e+00 4.167810624674052278e+00 4.165974574116645179e+00 4.141249162843483766e+00 4.099559997743350337e+00 4.048110100823065771e+00 3.986477841472259698e+00 3.927714731086793254e+00 3.884620170616633228e+00 3.863465396041968258e+00 3.861567514460117145e+00 3.869857583409058499e+00 3.877456657951435570e+00 3.880592152325361699e+00 3.883414129022346728e+00 3.890685189287805379e+00 3.900569484971746270e+00
4.156165077353697335e+00 4.229901970539800438e+00 4.305084113131361967e+00 4.371103865018789669e+00 4.415149686046332178e+00 4.431894391202665595e+00 4.420690449442126635e+00 4.384710825949653668e+00 4.331167633072556811e+00 4.267023155235172283e+00 4.191057835213383598e+00 4.116560572017620601e+00 4.054850950274050625e+00 4.011910633046153585e+00 3.986976555967857827e+00 3.974361583788354135e+00 3.970286672692021845e+00 3.974873287355892959e+00 3.988234541506335162e+00 4.006027643019934636e+00
4.230115151939653373e+00 4.317070620827998972e+00 4.411401067140042542e+00 4.501796303663689436e+00 4.572081792968228697e+00 4.615414648053148383e+00 4.627198430633441717e+00 4.613961449339858412e+00 4.564142344541644469e+00 4.502825543488116367e+00 4.423379488074291821e+00 4.333865907893088121e+00 4.245886702025484460e+00 4.161608341208888895e+00 4.096773954974421095e+00 4.051048590679190653e+00 4.023352520529018150e+00 4.015538570628726767e+00 4.026508816232095889e+00 4.044647003660403861e+00
4.258102983603355263e+00 4.353691183096253248e+00 4.464145123204490417e+00 4.578483094362917782e+00 4.678863077571520535e+00 4.755401000390333976e+00 4.800876509283159344e+00 4.811831307885479525e+00 4.790882566401048592e+00 4.740596766937239082e+00 4.669354179052797704e+00 4.582964565739677809e+00 4.479558100634182694e+00 4.370545472448728930e+00 4.267332587368905195e+00 4.184145592599720409e+00 4.115788421366564087e+00 4.081983965113614055e+00 4.076065101920987921e+00 4.089055336756636905e+00
4.263975608588181920e+00 4.359733724964501178e+00 4.474971105302892660e+00 4.603214147844989945e+00 4.730297951433276360e+00 4.841732715425746569e+00 4.926118246960462521e+00 4.976726948672965278e+00 4.990694108317223154e+00 4.971432237789774611e+00 4.916054835268607093e+00 4.837252694439727385e+00 4.739998566464514340e+00 4.618019872365528578e+00 4.493363841668078784e+00 4.364128387160425504e+00 4.266446627120807911e+00 4.198686740803235118e+00 4.168108189162910371e+00 4.166065379318307116e+00
4.266043449925014386e+00 4.361756169083112589e+00 4.476941491613469992e+00 4.605129663418923158e+00 4.733362116287949561e+00 4.856483693000675395e+00 4.969055732494980226e+00 5.059001263953157412e+00 5.112772274939744399e+00 5.126979402007664000e+00 5.101806262831741101e+00 5.040749264032378107e+00 4.948794560081037908e+00 4.831248344316083632e+00 4.691436073039600529e+00 4.545096846153005465e+00 4.414000534673587772e+00 4.318768802502733983e+00 4.268100871167020749e+00 4.253019163804093949e+00
4.267347357628810123e+00 4.362776604190504948e+00 4.477624743799919926e+00 4.605543179420281241e+00 4.733646535710501979e+00 4.856814316240044782e+00 4.969551099717878451e+00 5.066558436319877678e+00 5.142505121066963447e+00 5.190172453718429502e+00 5.196108315726132076e+00 5.159271271505105894e+00 5.082545893264234671e+00 4.971344529341132024e+00 4.833991377389654787e+00 4.681326502565180903e+00 4.536543722878021434e+00 4.424295059347638670e+00 4.358141533585692784e+00 4.331076813490640554e+00
4.265224615292332544e+00 4.359891994180830288e+00 4.473933535524866834e+00 4.601110536484506852e+00 4.728568786842128446e+00 4.851379541282197394e+00 4.964072657264975597e+00 5.061341300123797460e+00 5.137840321822388034e+00 5.187788507216889222e+00 5.207610391430343100e+00 5.187490610831723359e+00 5.130112622929314803e+00 5.031899894421727026e+00 4.901201723838059188e+00 4.752646391684787197e+00 4.607007157228876437e+00 4.489655523693444117e+00 4.416463837967853578e+00 4.382484961460248130e+00
