3.154613714662188428e+00 3.264599540900308128e+00 3.401221814528797349e+00 3.561909320626010178e+00 3.711507069591709396e+00 3.834108219379144700e+00 3.666376686734510670e+00 3.959376182255976762e+00 3.962918602441793503e+00 3.704308084387389677e+00 3.850423713032865791e+00 3.694549059029843985e+00 3.611413108132020877e+00 3.543450501726930657e+00 3.340252604058489005e+00 3.204796269330226988e+00 3.111062500680328302e+00 3.082092301887088492e+00 3.084751497545715093e+00 3.104364360748590013e+00
2.947393456131210954e+00 3.058253225301431844e+00 3.194159555223369473e+00 3.378179205551788744e+00 3.520771003560543733e+00 3.661832209872127653e+00 3.556753840113098253e+00 3.823961180472227994e+00 3.590195834398590247e+00 3.803991050460883816e+00 3.737641387325392639e+00 3.638588739010374606e+00 3.513726487550238975e+00 3.376361430180784939e+00 3.241920139517515231e+00 3.065402284398770938e+00 2.937022370876380961e+00 2.878688884063134168e+00 2.876017235177643183e+00 2.897327244391134204e+00
2.731879978415514554e+00 2.822411962680436037e+00 2.952200925837478618e+00 3.114714406077152997e+00 3.284416097401978707e+00 3.442123427713436712e+00 3.568683248816446163e+00 3.467586183232709729e+00 3.677582567539600777e+00 3.482718424573977067e+00 3.467038577384141007e+00 3.482956820670997988e+00 3.359452119468330444e+00 3.224206718995132892e+00 3.069841053808855857e+00 2.865587513743974135e+00 2.795557382895187182e+00 2.656919154980618814e+00 2.653390333698009140e+00 2.676719975546737018e+00
2.522131385571865003e+00 2.587214164238624825e+00 2.699098243409503439e+00 2.852588830404449549e+00 3.022277974712076265e+00 3.191005407681058781e+00 3.337965587591246397e+00 3.366913746804782281e+00 3.376854987304833688e+00 3.368310271926458377e+00 3.429168832030397684e+00 3.324515763764749554e+00 3.180073197301410470e+00 3.052363971738456527e+00 2.897072524258098358e+00 2.720859363711456425e+00 2.518535901485323691e+00 2.445842981557956541e+00 2.441664795339131722e+00 2.467264575175816876e+00
2.328083370908233363e+00 2.371748167206813918e+00 2.461648116455842139e+00 2.598951124972828985e+00 2.759056495405843634e+00 2.929424557961091136e+00 3.090356139107794053e+00 3.220718897427103045e+00 3.302786642034035047e+00 3.325115015960601550e+00 3.284345518055876045e+00 3.187257805383541420e+00 3.052056359326607904e+00 2.902522772445974564e+00 2.753835755336986324e+00 2.524555476450637492e+00 2.357334585532295357e+00 2.279598096826703113e+00 2.275474923768079805e+00 2.303371625250473453e+00
2.170974380111263535e+00 2.203010576375433516e+00 2.274978214390084741e+00 2.390947907201344869e+00 2.531445465800548966e+00 2.691114023595528870e+00 2.854398488169880288e+00 3.000492282447516423e+00 3.108244906053927448e+00 3.160573051740521500e+00 3.148413062989058098e+00 3.074255797035215565e+00 2.946555384338454431e+00 2.795249138822437640e+00 2.642002431577257227e+00 2.438629834938028651e+00 2.268837280092609543e+00 2.191213539830522805e+00 2.275362542921944620e+00 2.237060524353506441e+00
2.088890718702881344e+00 2.114083123924878294e+00 2.171505630902583750e+00 2.265374485371996816e+00 2.379629701339369685e+00 2.516396294199232386e+00 2.667465249529563209e+00 2.815746865242763963e+00 2.939738397989562824e+00 3.018280008219034194e+00 3.036271895757554073e+00 2.990465817590814090e+00 2.887910266631116496e+00 2.745481178890067930e+00 2.590387038264543307e+00 2.455641870590723030e+00 2.271789909224876780e+00 2.201666950045232607e+00 2.203125904781085609e+00 2.228875341900619755e+00
2.096091418370005233e+00 2.120189752194694854e+00 2.169496219660294045e+00 2.245776781507363484e+00 2.333888666146084923e+00 2.441088451191931519e+00 2.567000882075960000e+00 2.701861066644832832e+00 2.827477590261124440e+00 2.921885341538251524e+00 2.965577383246953858e+00 2.949164272955621335e+00 2.873955501732133655e+00 2.752880123842126103e+00 2.609561539585702139e+00 2.476263101066362715e+00 2.357044364739383280e+00 2.294448827872464847e+00 2.290761570946242998e+00 2.309397033614994488e+00
2.348738818463168343e+00 2.350625723084643681e+00 2.365798551533495164e+00 2.400060974105117761e+00 2.453472436934714285e+00 2.519404615260051106e+00 2.603914184350103689e+00 2.706387376307308301e+00 2.816946124716495969e+00 2.917384950767059060e+00 2.987385050925851271e+00 3.012653705061697273e+00 2.987321762961923532e+00 2.917077922820353386e+00 2.873995747498859554e+00 2.719395961893417812e+00 2.644819953715328076e+00 2.602387040758211256e+00 2.600764445379152079e+00 2.612387766505706921e+00
2.675684378760918580e+00 2.669928728001216722e+00 2.666550661833728686e+00 2.669957097110826183e+00 2.686455430947948475e+00 2.723058000904324594e+00 2.769014603735409974e+00 2.829716590747108906e+00 2.904583190478549515e+00 2.984577287972198345e+00 3.054203291864131753e+00 3.099198330198932982e+00 3.109082528270302959e+00 3.082053887811332160e+00 3.027664726489466940e+00 2.964337985312380130e+00 2.914853489636959782e+00 2.893409100678426160e+00 2.895520660075549646e+00 2.902046789829745066e+00
3.050737808532260509e+00 3.053036935940784513e+00 3.048736333540105647e+00 3.040458318531852999e+00 3.034374719151777366e+00 3.041345921800311380e+00 3.064596601161926781e+00 3.090342342097046391e+00 3.123160211367033146e+00 3.163146917134733282e+00 3.204714361528818500e+00 3.239668835314754691e+00 3.258860720920308207e+00 3.256537317443183088e+00 3.234734263967643297e+00 3.203719227515191115e+00 3.179612927127037914e+00 3.173327633302812423e+00 3.181459118813104947e+00 3.190659873854513773e+00
3.458606576217061690e+00 3.481213884001949754e+00 3.494988282219708253e+00 3.496279922735219703e+00 3.489653093049898125e+00 3.483818787734665801e+00 3.485418403619338523e+00 3.494262131786556314e+00 3.494934786858228115e+00 3.491647857699453628e+00 3.487279358061158963e+00 3.764981830091573833e+00 3.479631619572779666e+00 3.472071201947786623e+00 3.460490608027039894e+00 3.448282122435958552e+00 3.443730223009037417e+00 3.452330433234933160e+00 3.469310725376670401e+00 3.483276621489092673e+00
3.837611676234485181e+00 3.890162655864985553e+00 3.937267486406810679e+00 3.971000137191748269e+00 3.987810085915180824e+00 3.993687757719402320e+00 3.992787546815133037e+00 3.987735546656367092e+00 3.976030658856757771e+00 3.990083913502472157e+00 3.895777978889300996e+00 3.841252426547343113e+00 3.788077661159042542e+00 3.742149817567728576e+00 3.707961244402184775e+00 3.688515336414908141e+00 3.686952837340193856e+00 3.702667139681449893e+00 3.724920169728696440e+00 3.739203246245126344e+00
3.957426819425005959e+00 4.040626424409540896e+00 4.130420953169060994e+00 4.213281623382952645e+00 4.276940429289788348e+00 4.317564760453673323e+00 4.338872839720177232e+00 4.339579551627600118e+00 4.320738805973933339e+00 4.279702901174518459e+00 4.207870822144326617e+00 4.113817155091926026e+00 4.009348139162248970e+00 3.907984536880912074e+00 3.822923479694728677e+00 3.764701836362155607e+00 3.740801631368777080e+00 3.745944110557622775e+00 3.770600269336755517e+00 3.797639893900442321e+00
3.961322262165793973e+00 4.049272103205556306e+00 4.155535284848768107e+00 4.269986421712525626e+00 4.373746069643244638e+00 4.454450591250049385e+00 4.507301215863429356e+00 4.530546874504112864e+00 4.523286701285798017e+00 4.485268723669479485e+00 4.416625224959641827e+00 4.316882330077298491e+00 4.194704983413912736e+00 4.062981959513165542e+00 3.938319630155845630e+00 3.837905216898926941e+00 3.776281482874964457e+00 3.757145809602590258e+00 3.769323138176974286e+00 3.794574840236618396e+00
3.964584500496057373e+00 4.052354592904124253e+00 4.158463624046531137e+00 4.272833144363334057e+00 4.377722072403475551e+00 4.465876679145162065e+00 4.530858998061349396e+00 4.568091041849839939e+00 4.574991323993825354e+00 4.550666565584402079e+00 4.495946387006604539e+00 4.413175070615166007e+00 4.306455406971496203e+00 4.183230175458774625e+00 4.055786988571094653e+00 3.940754709271968359e+00 3.848262510120516122e+00 3.814867406505983993e+00 3.810658275255521144e+00 3.827640927914182090e+00
3.967020266838226839e+00 4.054234773570673411e+00 4.159711700060776174e+00 4.273441292301337846e+00 4.377636652514569349e+00 4.465094482898066985e+00 4.529490253059217153e+00 4.566396953996902042e+00 4.573440395793287649e+00 4.549763134208244963e+00 4.496499759363805637e+00 4.418507717148108860e+00 4.322780877208538541e+00 4.218651578765373777e+00 4.111275975321089682e+00 4.007122112946038150e+00 3.923279117325229048e+00 3.873949397354953472e+00 3.860371141910908577e+00 3.869938678030463208e+00
3.968652010587478518e+00 4.055182010954659688e+00 4.159617165381004789e+00 4.272048363092400436e+00 4.374560984055346324e+00 4.459984162488109583e+00 4.522155280189831039e+00 4.557043102689038783e+00 4.562746726870595460e+00 4.538992838320449863e+00 4.487099888118982527e+00 4.411849426691333065e+00 4.319743377187233335e+00 4.219270378203283656e+00 4.120873853400604858e+00 4.033266928560404807e+00 3.959205530696928044e+00 3.911815620960260809e+00 3.895460714923342671e+00 3.900891451282987532e+00
3.969644686856002469e+00 4.055542652296542094e+00 4.158875158579586007e+00 4.269510832245069665e+00 4.369511512734720604e+00 4.451658177948461415e+00 4.510073148179630564e+00 4.541350067052738915e+00 4.544529911895530461e+00 4.519990025564266212e+00 4.469550753301867907e+00 4.397656383848633332e+00 4.310211413635884448e+00 4.214731594036735807e+00 4.120815204459081116e+00 4.039151497645844024e+00 3.976459885605373668e+00 3.934460296359992615e+00 3.918657702510564000e+00 3.922227911488699093e+00
3.970305455597388899e+00 4.055900121828904581e+00 4.158587618755638537e+00 4.267841124033672884e+00 4.365194285677332253e+00 4.443650709153321721e+00 4.497622758238240870e+00 4.524594313915364374e+00 4.524608902607038630e+00 4.498935625070921596e+00 4.449536733819014600e+00 4.380919761942159596e+00 4.298137133324023473e+00 4.207804630663015466e+00 4.118405498459169145e+00 4.039834435043108130e+00 3.983052762076290332e+00 3.946437330623016937e+00 3.923555053390086478e+00 3.935132826375903115e+00
