3.178619871970933541e+00 3.288477536312629734e+00 3.413945331854338239e+00 3.486147204718228920e+00 3.687149001409798288e+00 3.599683323230260967e+00 3.841101161683041720e+00 3.660657345808450369e+00 3.675510953050915131e+00 3.772852068663317571e+00 3.684204912699185819e+00 3.576996704064166810e+00 3.460803276600542322e+00 3.347536265089113172e+00 3.235146195309313466e+00 3.141582719509062649e+00 3.091079888256448527e+00 3.069414935135949207e+00 3.064164213749195564e+00 3.073456235600781739e+00
2.985885632226229269e+00 3.102753216674477788e+00 3.235855888455431817e+00 3.384647389915003579e+00 3.525604051938370453e+00 3.640786089156103689e+00 3.525632577541020662e+00 3.550857935334447379e+00 3.566168901761866294e+00 3.722364245650386927e+00 3.604200017868671946e+00 3.529662140435533946e+00 3.380609590026141031e+00 3.352992404540740434e+00 3.125570595629080017e+00 3.007762081300012103e+00 2.907938446529477972e+00 2.860346230410118817e+00 2.853924607573369965e+00 2.864185801886641070e+00
2.789215611247659599e+00 2.882302651734585996e+00 3.014376959028552072e+00 3.162763218573735990e+00 3.312315777333977085e+00 3.365158767793110073e+00 3.411784304575939508e+00 3.590697657022710487e+00 3.454417881465535967e+00 3.454649372628992854e+00 3.431303513445683517e+00 3.376184678612498047e+00 3.281637752986342527e+00 3.152330618188162070e+00 2.965290993496477956e+00 2.803222776019253626e+00 2.691039515799669157e+00 2.637034368654521899e+00 2.629427844613090759e+00 2.640811423307548367e+00
2.600354924493488706e+00 2.666388780723121688e+00 2.778070258364265133e+00 2.919981922264320851e+00 3.071767057367333909e+00 3.216220689592728110e+00 3.333554859317129360e+00 3.325268003065142253e+00 3.429159162544694883e+00 3.396287317462918676e+00 3.324591510494013580e+00 3.229887785965509739e+00 3.121368949524951919e+00 2.991060911107605857e+00 2.786046624036595976e+00 2.608650565765949114e+00 2.484558046979818968e+00 2.424227455713695356e+00 2.415602926629653258e+00 2.428260618600561305e+00
2.426149752163036855e+00 2.471109528519441323e+00 2.557140042235322763e+00 2.685914706375247540e+00 2.831675171080779929e+00 2.980801260340748104e+00 3.113961200518217343e+00 3.211985248937511361e+00 3.260410868308350363e+00 3.251946444273097203e+00 3.165996412880474953e+00 3.091916670482343754e+00 2.975206815672565952e+00 2.857914432830635842e+00 2.642021101185617393e+00 2.453537545467435077e+00 2.320998050391319900e+00 2.256390557883794390e+00 2.247486742598728604e+00 2.261542834552619397e+00
2.281105636979979145e+00 2.313908999608790484e+00 2.384620256947772798e+00 2.495938296978821302e+00 2.626898142328181418e+00 2.770100573387865861e+00 2.909454398460189495e+00 3.025421467899282124e+00 3.099709997256673955e+00 3.138625599018776136e+00 3.079998663301778183e+00 2.988142369054991310e+00 2.870498881198019436e+00 2.748742100720812154e+00 2.557329898965631454e+00 2.365033108719254873e+00 2.231059883842922975e+00 2.295480772865040375e+00 2.159967567825201051e+00 2.175681450959023433e+00
2.207458200527264935e+00 2.233929680481594016e+00 2.292029880180937340e+00 2.385005196556056806e+00 2.495223581577183047e+00 2.621839139746333647e+00 2.754894733571066290e+00 2.877564832744924583e+00 2.970537384452105023e+00 3.016305857573208460e+00 3.004342516224651760e+00 2.936347866080710300e+00 2.824575190481738662e+00 2.700748843577403413e+00 2.547777819513246111e+00 2.402561853880797571e+00 2.234062441702070245e+00 2.177629037631556574e+00 2.175924474677028098e+00 2.194349137457032750e+00
2.222640482038275689e+00 2.247489794989980361e+00 2.298345295814345324e+00 2.376629536593085845e+00 2.465850441337238408e+00 2.569768289751306334e+00 2.685089126915602975e+00 2.800956389475004915e+00 2.900382724791958022e+00 2.964414754042140387e+00 2.977772794397840705e+00 2.935966420762035511e+00 2.845336395465708712e+00 2.725513850075240718e+00 2.611321308691126664e+00 2.441917047676399832e+00 2.330646538718690763e+00 2.287655889996372149e+00 2.290971383069493328e+00 2.305874787449988528e+00
2.470361238917219371e+00 2.472165914809806075e+00 2.489417810879761550e+00 2.528437698562569391e+00 2.588147404949562969e+00 2.658497212133762222e+00 2.742118625853132485e+00 2.836206393437741724e+00 2.930933197220110475e+00 3.010267898950453880e+00 3.057472543263056952e+00 3.062504458263620499e+00 3.023893718249012874e+00 2.950781547127457660e+00 2.861220407416965816e+00 2.753495072150478951e+00 2.667131947712291673e+00 2.634091165646563315e+00 2.637330966004377331e+00 2.648439085478385024e+00
2.797321345426046157e+00 2.790177490468916055e+00 2.787771718753544903e+00 2.795856173119019239e+00 2.820899209677143471e+00 2.866406381167570405e+00 2.917628241741284434e+00 2.977443059310220796e+00 3.044611178699182297e+00 3.111457444261626737e+00 3.165424370003580901e+00 3.195842951711657332e+00 3.195854527694425240e+00 3.166446439350187436e+00 3.117651520240620311e+00 3.052691562276200532e+00 2.997295519305720912e+00 2.978062531771434873e+00 2.980682185974460552e+00 2.985500118525530766e+00
3.182462022614021446e+00 3.184428746974758528e+00 3.181776708301260914e+00 3.178570366916540380e+00 3.181691939889640608e+00 3.199188222428041239e+00 3.230194069305492910e+00 3.257687444196175619e+00 3.285577031180345831e+00 3.315148021173083048e+00 3.343592496246253543e+00 3.366208815236112262e+00 3.377156389402990566e+00 3.372949688514359057e+00 3.355803043838754274e+00 3.326673773816589907e+00 3.300923677884204377e+00 3.291452452979083620e+00 3.291244948552145999e+00 3.295588384274623195e+00
3.607145645941745915e+00 3.634030012878595617e+00 3.654685358083410662e+00 3.665907587947132118e+00 3.671819149788704717e+00 3.678359509159018437e+00 3.688400637115193614e+00 3.698666737797585036e+00 3.693344171556224520e+00 3.677631429278680475e+00 3.657003094362137219e+00 3.637100087404698368e+00 3.620175513141057788e+00 3.606417422471350331e+00 3.595905815859842036e+00 3.587426419061473748e+00 3.570472716806601721e+00 3.565774098852669827e+00 3.577680600265094490e+00 3.594500688087169493e+00
3.888152503207165545e+00 3.951483093076714859e+00 4.014780632394066018e+00 4.068278440712594701e+00 4.104897351688696183e+00 4.127511341998549632e+00 4.136998239994498228e+00 4.133488082875226510e+00 4.114380933685178654e+00 4.068904859799649110e+00 4.003614695785637778e+00 3.929214725552212517e+00 3.856807406220942980e+00 3.795707228546852718e+00 3.752383552384187748e+00 3.722661548837207235e+00 3.699661146384575883e+00 3.695776472435539528e+00 3.707609640573430454e+00 3.724626008522487819e+00
3.923664206765494100e+00 4.004688657845657751e+00 4.101783210004200875e+00 4.199204729661615509e+00 4.277287474943342716e+00 4.332614166555342372e+00 4.363326029786337656e+00 4.368345367355709108e+00 4.347679690493787774e+00 4.300939056275750794e+00 4.223995699484587085e+00 4.124621499578012163e+00 4.014326071482139824e+00 3.906778305766297255e+00 3.815117351784265587e+00 3.750356986849932017e+00 3.725451745976023687e+00 3.731285272166894540e+00 3.756148742110310579e+00 3.783438915020794546e+00
3.927326055757453638e+00 4.008276485854779914e+00 4.105339467005394205e+00 4.208223733757608720e+00 4.298908204571389113e+00 4.370817011512541761e+00 4.418772141717930424e+00 4.440020285861391081e+00 4.433587215925141045e+00 4.398525049870312564e+00 4.336442345653536812e+00 4.249519976541743738e+00 4.142951305761953584e+00 4.025888571212678180e+00 3.912138147542362887e+00 3.812596892005737814e+00 3.759275918945543360e+00 3.741291210064297879e+00 3.753672765404239886e+00 3.778551714189021027e+00
3.930666835164278172e+00 4.011549851103101361e+00 4.108535500659706408e+00 4.211314462107342393e+00 4.301862511844638526e+00 4.373639446527217700e+00 4.421514109709018925e+00 4.442785485306220750e+00 4.436965771536291570e+00 4.405099383627088194e+00 4.350062269500639900e+00 4.278119697576356018e+00 4.194861460821996069e+00 4.097617193752451925e+00 3.993202953796078258e+00 3.895569619152768226e+00 3.809052141314667406e+00 3.783253616910791539e+00 3.784728645725274898e+00 3.801548949542714162e+00
3.933560447688666972e+00 4.014385162732930112e+00 4.111137339285125591e+00 4.213377233644752806e+00 4.303105277947426366e+00 4.373842545956480699e+00 4.420670632330656602e+00 4.441221505962541727e+00 4.435432480588180404e+00 4.404562142968559080e+00 4.351182476495030649e+00 4.280602140838472458e+00 4.199503920989301697e+00 4.117238454580605556e+00 4.032955545308664291e+00 3.946904576315527269e+00 3.853023658991570510e+00 3.832539579526550000e+00 3.821821333037139112e+00 3.831320711274262436e+00
3.935813561698376262e+00 4.016591797316690027e+00 4.112982180014904010e+00 4.214368350054590096e+00 4.302636428143494562e+00 4.371352473345686995e+00 4.415906604495756227e+00 4.434572837442567916e+00 4.427929737527570353e+00 4.397774315924496413e+00 4.346579033724971453e+00 4.279196609390295336e+00 4.201147131149963521e+00 4.119391106548270010e+00 4.044586581546467663e+00 3.972492911675923999e+00 3.907558589338942845e+00 3.864646025840451582e+00 3.849801489148216405e+00 3.854477160546645909e+00
3.937473798762893828e+00 4.018217965043938911e+00 4.114328878728980676e+00 4.214747876700013052e+00 4.301180403644826455e+00 4.367179644860359922e+00 4.408582056768148405e+00 4.424479558841144744e+00 4.416392356579812883e+00 4.386546588597883378e+00 4.337574109644387832e+00 4.273712964813798365e+00 4.199687981686905935e+00 4.120929291268428329e+00 4.046359825359883367e+00 3.984064666938567978e+00 3.900434067904102964e+00 3.869443518500752077e+00 3.870571921162105244e+00 3.872182111292609807e+00
5.950211320667505355e+00 4.019123190933319378e+00 4.115298215738016019e+00 4.215271404351178752e+00 4.300165850051171468e+00 4.363576547243050996e+00 4.401734523092360796e+00 4.414630440705546555e+00 4.404627856649499407e+00 4.374599207021850233e+00 4.327151230308539098e+00 4.266379800879587236e+00 4.196121737641549387e+00 4.120885590021961420e+00 4.047256936730073917e+00 3.987989751964809315e+00 3.938031783205527159e+00 3.882288119273904492e+00 3.884382556036428458e+00 3.884213270210973956e+00
