2.983593970703775078e+00 3.015378645297424054e+00 3.086661920470618714e+00 3.191782322967639196e+00 3.343809059280737905e+00 3.527103443420901208e+00 3.707295530992833488e+00 3.868880090212995615e+00 3.999254854274639115e+00 4.089816887512540688e+00 3.785126197390116687e+00 3.791355250417911993e+00 4.106851789727367752e+00 4.028161046845771587e+00 3.910484215912160888e+00 3.763550064685804220e+00 3.600512194664379440e+00 3.441833948177730917e+00 3.313287120896559301e+00 3.234052740796435899e+00 3.223758658091247842e+00 3.207509973831994543e+00
2.788213968471041859e+00 2.807474832346444238e+00 2.863365117867238130e+00 2.960378313292399977e+00 3.105442615120745931e+00 3.291486603543013700e+00 3.483646388588840903e+00 3.664051161654479305e+00 3.816323067947324787e+00 3.666967152524176043e+00 3.679043382461554934e+00 3.685451740417975408e+00 3.964137937880874762e+00 3.882555780292620717e+00 3.762002569804159702e+00 3.611504301939525874e+00 3.445688211651838362e+00 3.285027100132100752e+00 3.154467763290028426e+00 3.072578405092463161e+00 3.036756764551994170e+00 3.036878016461912466e+00
2.583991984641849537e+00 2.589055022936137984e+00 2.624237793538766628e+00 2.707287150528757014e+00 2.839758059578920690e+00 3.021062886335808439e+00 3.218648582967798877e+00 3.414531896747909023e+00 3.538844895319573691e+00 3.726419443524829234e+00 3.571645063736118342e+00 3.844397778609974115e+00 3.562318168989718981e+00 3.730804576849318543e+00 3.467853413422058217e+00 3.447843778947555560e+00 3.273748715607378568e+00 3.104201418978551175e+00 2.965692207673107372e+00 2.878437328818834740e+00 2.833101740335825180e+00 2.834865699639095293e+00
2.379935676458875715e+00 2.372905682334971456e+00 2.391468334187595079e+00 2.452046676329521446e+00 2.566459483198867630e+00 2.734445709466103214e+00 2.927769274835702262e+00 3.131322392175711844e+00 3.324763479287847101e+00 3.487832305040548864e+00 3.603810959939512060e+00 3.660874062052107636e+00 3.443363371947747886e+00 3.582558026061608114e+00 3.325471137497490126e+00 3.279907627419757166e+00 3.109422978463537213e+00 2.930383431507336933e+00 2.783237481192769369e+00 2.684027905901775313e+00 2.636995697863482313e+00 2.639372782722335220e+00
2.188824774625881542e+00 2.174246128102748532e+00 2.180606035221731354e+00 2.222864479864725240e+00 2.315406902536186529e+00 2.461326829867015231e+00 2.638341958981801127e+00 2.837171185386338390e+00 3.039766968355692711e+00 3.224128968012652141e+00 3.368971917698526664e+00 3.457122365133774800e+00 3.349179441931260381e+00 3.291743330269596868e+00 3.207050053113697174e+00 3.161796910611391898e+00 2.973230794473333383e+00 2.785450978536245792e+00 2.630209302490011058e+00 2.527723781711929352e+00 2.478484783335949793e+00 2.479398114969112221e+00
2.046024725960381208e+00 2.026930138552776040e+00 2.026511635613163609e+00 2.055330352058049925e+00 2.125913193952156721e+00 2.243783098485668592e+00 2.392127933967963749e+00 2.570401792591886725e+00 2.766468058092903970e+00 2.960090087191483921e+00 3.127423194382120020e+00 3.245960553956929839e+00 3.299418676063512024e+00 3.227376256740412952e+00 3.196411793470883111e+00 3.054024926043804822e+00 2.874914240473495308e+00 2.705037341749170654e+00 2.528159469754741373e+00 2.425280961052245221e+00 2.381210454499079088e+00 2.377496675723593356e+00
1.977774706298309537e+00 1.958198331735831799e+00 1.956878454531472133e+00 1.979160736859086445e+00 2.033013602310394852e+00 2.122912811162272373e+00 2.235126312174994911e+00 2.377774808382391303e+00 2.548398936780821522e+00 2.732753487009837112e+00 2.908246969267298088e+00 3.049099040061650001e+00 3.133163547771051771e+00 3.148662588407406648e+00 3.093535787830606232e+00 2.975971736315022653e+00 2.814731368413221801e+00 2.638522276140529144e+00 2.484311954378619181e+00 2.382794354557083771e+00 2.340089800905512440e+00 2.335645332241249594e+00
1.993644222583663028e+00 1.977893128032134573e+00 1.981578050038108829e+00 2.005309433801057750e+00 2.051516079700251183e+00 2.120692508633443829e+00 2.198912827511485535e+00 2.299263716134269053e+00 2.428890045096430139e+00 2.583843409712751171e+00 2.747509743546271643e+00 2.894992712853812655e+00 3.000502201028178551e+00 3.046242353999732533e+00 3.024014077341165230e+00 2.937218207835100348e+00 2.801569824337283521e+00 2.644416341909235246e+00 2.553984074480552646e+00 2.407412393061852285e+00 2.366313700251996277e+00 2.360270086854895588e+00
2.282943439362801197e+00 2.267013851682623038e+00 2.262594378378093740e+00 2.268121366279349349e+00 2.283375531569671324e+00 2.311002576746482351e+00 2.350271694062034733e+00 2.399216452650304809e+00 2.471072895579456308e+00 2.572915400492693738e+00 2.699645659270243581e+00 2.832905277260568511e+00 2.947847626360766693e+00 3.022801169969317581e+00 3.042944868466752606e+00 3.004811411535288634e+00 2.918270845622124465e+00 2.805616016726208084e+00 2.699004968228585266e+00 2.626051921869882122e+00 2.593542446182368622e+00 2.586176603635888860e+00
2.607358663913130759e+00 2.599268395482527083e+00 2.598950680888079567e+00 2.600709057504504429e+00 2.602275604461370406e+00 2.603768115521000404e+00 2.607826916810129791e+00 2.624138927132031895e+00 2.649222208183640070e+00 2.695668544495926522e+00 2.769163101273911298e+00 2.863222834132233885e+00 2.960308515202376256e+00 3.040596825602685183e+00 3.085911194100817934e+00 3.086179278217046296e+00 3.043923617220373856e+00 2.974546787492685418e+00 2.904024765410595066e+00 2.855684241255390443e+00 2.835500764245483918e+00 2.831213151251705806e+00
2.945625721216678539e+00 2.951045762969349617e+00 2.962229096456517219e+00 2.972611629776849451e+00 2.975444142349786159e+00 2.968988941847998664e+00 2.954342376739130138e+00 2.942779839396030273e+00 2.942951835150194206e+00 2.949421581022147798e+00 2.972487370408999574e+00 3.015555298004442442e+00 3.072638222309269640e+00 3.131705980845852721e+00 3.177386197415907443e+00 3.196940812545272959e+00 3.186349061171093844e+00 3.153040824424734989e+00 3.115489941334395052e+00 3.091631795130603155e+00 3.085966667504769667e+00 3.088502318729835494e+00
3.291585002339862953e+00 3.312712670995836550e+00 3.340411033373773542e+00 3.366816041582913588e+00 3.383849780567010690e+00 3.384913562051684810e+00 3.369815189302837410e+00 3.346949554430810547e+00 3.326775303623208391e+00 3.315955668337851492e+00 3.306101588290088156e+00 3.304279480075671849e+00 3.313117654709262005e+00 3.331300414925599362e+00 3.351574091540591382e+00 3.364880665375200586e+00 3.365252208984850668e+00 3.353654590246912370e+00 3.340541214810226922e+00 3.337429271304899636e+00 3.345999771432079051e+00 3.357411181467009786e+00
3.623716705030037843e+00 3.659886328362730090e+00 3.705520540379082295e+00 3.753447921438708867e+00 3.793328150511380503e+00 3.816333425014496239e+00 3.816979538168640218e+00 3.801468800177172369e+00 3.777536727753544099e+00 3.753665014084494711e+00 3.733194862395268654e+00 3.704754409354634070e+00 3.673633188810549566e+00 3.645561332581508829e+00 3.623103308586309801e+00 3.605353609085210298e+00 3.590727579305639683e+00 3.578998311786711906e+00 3.574901380349680746e+00 3.583467322404032540e+00 3.602403413492331730e+00 3.622270660613369664e+00
3.870319537719369762e+00 3.916852183380580499e+00 3.978198812374675875e+00 4.049156421101059777e+00 4.118598750767921146e+00 4.173769534303903406e+00 4.205304101567027608e+00 4.213720935917372401e+00 4.204468229321409289e+00 4.183423554234503960e+00 4.155716323307694360e+00 4.121070980619445656e+00 4.067476451407855187e+00 4.002206088939867179e+00 3.933607461448560105e+00 3.869620011524838699e+00 3.816753246516166431e+00 3.779927979807239158e+00 3.763959287029695844e+00 3.770066614673214023e+00 3.791650571905285982e+00 3.816947951070190914e+00
3.937099429313318133e+00 3.984758273018646157e+00 4.054542714923979219e+00 4.146028073288987592e+00 4.248121575936711025e+00 4.344567229981219469e+00 4.418948979536287958e+00 4.467923664715190313e+00 4.491091258894969407e+00 4.491915812845391542e+00 4.472925096728879168e+00 4.438910035016892408e+00 4.382258470591133381e+00 4.292048926488896576e+00 4.187087222665942576e+00 4.075672359706375758e+00 3.972217695570401386e+00 3.887800956654874351e+00 3.836983172025003164e+00 3.822058667110497243e+00 3.834579082237547176e+00 3.859684908607246445e+00
3.946801085174617807e+00 3.989212152472032979e+00 4.058811182330400946e+00 4.153926204576540826e+00 4.269763902065181860e+00 4.397421327398586932e+00 4.517315647518659105e+00 4.614007626172674570e+00 4.682300420333724844e+00 4.720037643323045984e+00 4.727234852819615085e+00 4.703327866359973797e+00 4.648167366745389550e+00 4.568069723771128743e+00 4.445319735151134211e+00 4.306883124958614140e+00 4.163635356401421461e+00 4.036469919231009840e+00 3.941789755808381202e+00 3.897540259722565459e+00 3.888893134059619339e+00 3.900676379474001809e+00
3.949532474055498010e+00 3.991768795224522215e+00 4.061070635744241208e+00 4.155881091516970827e+00 4.271538711450988401e+00 4.399173945293192389e+00 4.522729159701152746e+00 4.635142196377471713e+00 4.729327910294802706e+00 4.799020324396176207e+00 4.837197198486037131e+00 4.837302167511023043e+00 4.798181698568445341e+00 4.722149646819190139e+00 4.613598500493482746e+00 4.477685532106880473e+00 4.327704971795672151e+00 4.182813435356758980e+00 4.065368742682050396e+00 3.992610211386731667e+00 3.965404581202841783e+00 3.968896076840360276e+00
3.950936302201073058e+00 3.992770881486902734e+00 4.061536911526625993e+00 4.155719128568938991e+00 4.270744667252441396e+00 4.397880250800382029e+00 4.520994846918823029e+00 4.633052611181328828e+00 4.727009240045559224e+00 4.796672656510913235e+00 4.836757279196751469e+00 4.842830975307922614e+00 4.812157362722114584e+00 4.746004874732717482e+00 4.648764051741699710e+00 4.528440937153810353e+00 4.393697475239845218e+00 4.258265904005386737e+00 4.142469846101816344e+00 4.064454101144639786e+00 4.029365637504163544e+00 4.025712039398076314e+00
3.950974112240677183e+00 3.992229885050358362e+00 4.060249680054467625e+00 4.153503722403849352e+00 4.267402584861773818e+00 4.393240784386175157e+00 4.514903608636037013e+00 4.625316543719258711e+00 4.717473727185672594e+00 4.785318560666254939e+00 4.823887392133300089e+00 4.829082134470771948e+00 4.798549072667426252e+00 4.733601883084637585e+00 4.638582303013476071e+00 4.521371340061161703e+00 4.394068243934106555e+00 4.272671728811611835e+00 4.171259249474520203e+00 4.100289742520707215e+00 4.066270314557211663e+00 4.060654730048127270e+00
3.949935825994614014e+00 3.990485544067658097e+00 4.057592172654129747e+00 4.149618658983339259e+00 4.261631020180793428e+00 4.384154326016172831e+00 4.501660845653322696e+00 4.607636678575802058e+00 4.695098581490443124e+00 4.758308101326296224e+00 4.792794532702259858e+00 4.795224385756716501e+00 4.763865116285913359e+00 4.700810260103570393e+00 4.610399221169607209e+00 4.500242228646827769e+00 4.380618267734904592e+00 4.264914479405655712e+00 4.171751981763286210e+00 4.111020362893867741e+00 4.081704600105743097e+00 4.076992274316702414e+00
