3.116618823140972605e+00 3.224075605442871417e+00 3.369824000193373248e+00 3.543833892291710974e+00 3.711226803240982530e+00 3.672957046022037098e+00 3.965651342678422786e+00 4.032476888220071665e+00 3.733693179918948335e+00 3.740007895316547870e+00 3.741890443842691649e+00 3.732167394772496483e+00 3.696098329489095669e+00 3.619910283336919665e+00 3.505784730774488711e+00 3.326743402004121108e+00 3.213856727624637255e+00 3.145661601626071224e+00 3.142618510332017223e+00 3.164729239313772258e+00
2.898999128738925624e+00 3.003210267450677318e+00 3.143199663123593446e+00 3.320580143917716498e+00 3.500327275542101546e+00 3.663974221053992064e+00 3.593802915217225724e+00 3.613852864141819499e+00 3.918525624053474044e+00 3.906159457355901754e+00 3.851756959930849433e+00 3.758924447281292824e+00 3.634460436721008048e+00 3.489123545001053817e+00 3.338362111433561097e+00 3.200396709056293698e+00 3.044444272443294075e+00 2.956074649076674721e+00 2.939874228463776884e+00 2.961914622965323929e+00
2.674523093169667298e+00 2.756757588429828765e+00 2.887258122492881274e+00 3.061188113918998255e+00 3.247474998859798845e+00 3.427309320527475833e+00 3.580998817583890048e+00 3.504457268181007112e+00 3.517091535844859340e+00 3.520665888378025521e+00 3.507217395822322281e+00 3.601971164461261754e+00 3.471885069417542269e+00 3.319437660368082188e+00 3.160592484982245765e+00 3.015150128655462058e+00 2.837997285911403988e+00 2.740574216202128710e+00 2.722474169745368044e+00 2.746500118195930984e+00
2.444897733780072802e+00 2.508963459475064273e+00 2.621009635000345117e+00 2.783675654905442443e+00 2.967808762071253881e+00 3.157092655547955928e+00 3.387727530013542765e+00 3.468299696049059744e+00 3.417339276836171003e+00 3.581393504732925948e+00 3.386327573259014567e+00 3.450043225762200461e+00 3.313998781764430746e+00 3.134488168087220306e+00 2.986293161479817826e+00 2.832150715570405097e+00 2.694550439950115006e+00 2.536469106918866956e+00 2.516567565968832465e+00 2.542799157991246339e+00
2.236983920671697934e+00 2.280299243346487259e+00 2.372507208704620840e+00 2.515910246686970719e+00 2.687045056333106086e+00 2.874875140841365084e+00 3.060139653469087229e+00 3.220749230597250712e+00 3.336637128379524420e+00 3.393023598274631958e+00 3.285235914477394381e+00 3.218178922042628898e+00 3.178810952502436393e+00 3.012768703026378780e+00 2.836803435757270009e+00 2.674318661132119246e+00 2.489892943312395079e+00 2.376572137082966218e+00 2.355667945798101570e+00 2.383974100794278517e+00
2.076369712536212830e+00 2.106903939045295271e+00 2.178895238355275321e+00 2.297374409990618371e+00 2.444224026086679213e+00 2.616467984195038898e+00 2.799878635715014941e+00 2.973377001725710844e+00 3.113874901465180312e+00 3.201078848551674572e+00 3.221911366078908490e+00 3.174423931412956534e+00 3.065489154687114581e+00 2.904598556869301351e+00 2.732325455140293347e+00 2.563226279724413637e+00 2.406257494701011801e+00 2.319272962381274894e+00 2.271134047237231890e+00 2.293641114092274780e+00
1.994610754335399694e+00 2.018193734752915969e+00 2.074185372557614482e+00 2.167217977789115402e+00 2.282504726224213965e+00 2.425343828023864834e+00 2.590085928727059894e+00 2.760450312331601097e+00 2.913723911338167216e+00 3.025880370171608824e+00 3.077874665629053652e+00 3.061885070910508766e+00 3.004991979083194931e+00 2.845467504354842081e+00 2.680137579406368875e+00 2.536160593527613472e+00 2.383880678168289968e+00 2.288945758914210593e+00 2.262913732656778532e+00 2.276718674642056239e+00
2.004370385234216734e+00 2.027945786439843801e+00 2.075674123303208329e+00 2.148959026837963027e+00 2.233459099822137084e+00 2.339820400278206147e+00 2.471335837999376395e+00 2.620559686903851215e+00 2.769305133617276038e+00 2.893452206171806207e+00 2.969875950166316780e+00 2.984657389594447707e+00 2.934153149056923038e+00 2.826479519431108756e+00 2.681698833360647072e+00 2.529713142917000113e+00 2.405918546000390457e+00 2.335634352873437347e+00 2.313901625283059538e+00 2.322766908753714610e+00
2.268961348737899453e+00 2.271938217492716294e+00 2.286320758848265022e+00 2.316598707011476854e+00 2.362911109713901503e+00 2.421495303353339068e+00 2.502273846537820923e+00 2.608130556541785605e+00 2.730769090524606035e+00 2.850999988270161101e+00 2.945610233467381267e+00 2.996255273813404063e+00 2.992438615866959584e+00 2.935321560524728479e+00 2.839022824851708204e+00 2.728371327157782300e+00 2.634417349714109235e+00 2.579805669317875694e+00 2.564269454232413814e+00 2.568354850840497861e+00
2.598998050531602377e+00 2.596114446911236495e+00 2.593946354527759013e+00 2.594884976097297180e+00 2.603864695462272838e+00 2.630135125561628762e+00 2.666939276850113227e+00 2.723264915814203491e+00 2.801067014137734290e+00 2.891597889511530184e+00 2.977498704832006737e+00 3.041208484827107483e+00 3.068210670479878388e+00 3.052677906757368387e+00 3.001140245187862376e+00 2.931517385347541804e+00 2.869149217794808138e+00 2.833487452831416231e+00 2.825063181427211134e+00 2.828464364728630720e+00
2.967625489095364166e+00 2.972939358706344404e+00 2.970681081524837008e+00 2.961343005788302563e+00 2.948919482424606553e+00 2.945402146382856134e+00 2.957458677214698461e+00 2.975489545420971549e+00 3.006572849299558925e+00 3.051580244787614138e+00 3.103813869058794417e+00 3.152466287711264137e+00 3.184955278680067003e+00 3.192123628274128322e+00 3.173469428644752011e+00 3.138772340359061719e+00 3.106220953324665857e+00 3.090772347273753162e+00 3.092738029392875010e+00 3.099771238821531494e+00
3.360008495808138207e+00 3.382935449013512841e+00 3.396103316883294809e+00 3.394469342674964807e+00 3.380703007415247541e+00 3.364276955666611890e+00 3.354585776146675968e+00 3.355191431121443468e+00 3.353645496615296651e+00 3.354847114793910734e+00 3.360695886547327760e+00 3.370728570354382114e+00 3.379990344976649741e+00 3.382523161633094411e+00 3.375391561746412528e+00 3.361605218125902184e+00 3.351439627396055165e+00 3.353922076112646256e+00 3.427250532921028547e+00 3.381054819189071914e+00
3.744099533288088644e+00 3.792113337902375925e+00 3.832347154646070564e+00 3.856677107515353420e+00 3.861391108808304828e+00 3.853601517727684111e+00 3.840111394296386038e+00 3.826876564060462282e+00 3.813966404982549907e+00 3.787365360198568620e+00 3.751771729089977470e+00 3.713756963644570863e+00 3.678162745300453285e+00 3.647266892231527002e+00 3.622633179552490201e+00 3.606179287182770477e+00 3.602602235511827899e+00 3.614586937565076763e+00 3.636704202112407636e+00 3.657781537931101834e+00
3.984624903366934312e+00 4.059823821595027304e+00 4.135959663393861341e+00 4.199717180019188589e+00 4.241703622939823504e+00 4.262639139465757232e+00 4.266726026058987209e+00 4.257391864992638553e+00 4.236863648488200518e+00 4.202716743311459169e+00 4.142936862487405669e+00 4.065338543991060760e+00 3.980131645162944043e+00 3.898294376652151616e+00 3.829876941535766299e+00 3.782795351150729513e+00 3.762796562942184231e+00 3.769318889890034274e+00 3.792667976195029933e+00 3.818931217160562941e+00
4.007356636554989748e+00 4.099918936912886558e+00 4.211118673047800520e+00 4.321478046813065355e+00 4.411651573876820720e+00 4.477627600434855637e+00 4.520098086808803650e+00 4.532020807494002490e+00 4.521313661805488771e+00 4.485128805143625996e+00 4.421611362035222648e+00 4.325759266734576336e+00 4.207690538756879484e+00 4.079365823388788392e+00 3.959186391185172571e+00 3.863005362832705458e+00 3.804251746654731203e+00 3.786275150898126274e+00 3.798559581348576408e+00 3.823609184358672142e+00
4.010605416222529307e+00 4.103057373504126026e+00 4.215425803271365623e+00 4.338106692719836843e+00 4.454122694665957560e+00 4.556135946327999342e+00 4.635132184886027851e+00 4.682427794153344536e+00 4.695620777827805625e+00 4.673831088886641894e+00 4.616920043384236116e+00 4.527660322178307162e+00 4.408005062489075421e+00 4.269111378238297227e+00 4.124463648096866386e+00 3.995682624699982810e+00 3.904466712580462406e+00 3.853999333350767831e+00 3.846744967479407862e+00 3.862698215724783335e+00
4.012688157382720888e+00 4.104640069358061361e+00 4.216596281376697952e+00 4.339027589461183609e+00 4.454923535823987812e+00 4.556941529496915777e+00 4.638085789247299751e+00 4.692649000047338426e+00 4.716384748753541523e+00 4.706359816050410316e+00 4.661663265543773527e+00 4.585505741489444453e+00 4.483271013982356834e+00 4.360116484063829567e+00 4.226522745753189092e+00 4.098310012464078333e+00 3.994672557722396711e+00 3.933257025461109446e+00 3.912530244325892692e+00 3.919187021613845801e+00
4.013225918438843465e+00 4.104238686426811888e+00 4.215051336976972429e+00 4.336325236030128316e+00 4.450906950563840780e+00 4.551494249036405648e+00 4.631228738921095989e+00 4.684604127212174340e+00 4.707605001869080930e+00 4.697653799360868021e+00 4.654028077380977457e+00 4.579967109158498140e+00 4.481306033913537767e+00 4.367031613771918508e+00 4.249462522952305754e+00 4.138796420000382170e+00 4.045244603466288780e+00 3.984117745565822322e+00 3.959715014687783530e+00 3.961585507669407757e+00
4.012145011232768788e+00 4.101634147108355499e+00 4.210578957385461507e+00 4.329628581397972908e+00 4.441637006638078589e+00 4.539230377319891652e+00 4.615626628696157141e+00 4.665635659695218429e+00 4.685860755438051584e+00 4.674300869249904622e+00 4.630905781746347927e+00 4.559072994019334857e+00 4.464648868373240376e+00 4.356016122015897274e+00 4.244560610826674463e+00 4.143157101153852828e+00 4.063608794928549095e+00 4.010164475605365375e+00 3.987580751710758875e+00 3.988140472921162694e+00
4.010073520052521268e+00 4.098624260833739541e+00 4.206259815369149280e+00 4.323194061358940132e+00 4.431820643299749563e+00 4.525138010712879577e+00 4.596502659551557457e+00 4.641388899262805623e+00 4.657326368689116869e+00 4.643370418765489838e+00 4.599910426519386419e+00 4.530719578344720944e+00 4.441029587109664334e+00 4.338480285131160130e+00 4.233380201584139080e+00 4.138271787958763603e+00 4.065896288932253633e+00 4.020714659742768760e+00 4.001580867921915363e+00 4.002490075180419105e+00
