3.040000000000000000e+02 9.000000000000000000e+00
3.040000000000000000e+02 1.000000000000000000e+01
3.040000000000000000e+02 1.100000000000000000e+01
3.040000000000000000e+02 1.200000000000000000e+01
3.040000000000000000e+02 1.300000000000000000e+01
3.040000000000000000e+02 1.400000000000000000e+01
3.040000000000000000e+02 1.500000000000000000e+01
3.040000000000000000e+02 1.600000000000000000e+01
3.040000000000000000e+02 1.700000000000000000e+01
3.040000000000000000e+02 1.800000000000000000e+01
3.050000000000000000e+02 8.000000000000000000e+00
3.050000000000000000e+02 9.000000000000000000e+00
3.050000000000000000e+02 1.000000000000000000e+01
3.050000000000000000e+02 1.100000000000000000e+01
3.050000000000000000e+02 1.200000000000000000e+01
3.050000000000000000e+02 1.300000000000000000e+01
3.050000000000000000e+02 1.400000000000000000e+01
3.050000000000000000e+02 1.500000000000000000e+01
3.050000000000000000e+02 1.600000000000000000e+01
3.050000000000000000e+02 1.700000000000000000e+01
3.050000000000000000e+02 1.800000000000000000e+01
3.060000000000000000e+02 7.000000000000000000e+00
3.060000000000000000e+02 8.000000000000000000e+00
3.060000000000000000e+02 9.000000000000000000e+00
3.060000000000000000e+02 1.000000000000000000e+01
3.060000000000000000e+02 1.100000000000000000e+01
3.060000000000000000e+02 1.200000000000000000e+01
3.060000000000000000e+02 1.300000000000000000e+01
3.060000000000000000e+02 1.400000000000000000e+01
3.060000000000000000e+02 1.500000000000000000e+01
3.060000000000000000e+02 1.600000000000000000e+01
3.060000000000000000e+02 1.700000000000000000e+01
3.060000000000000000e+02 1.800000000000000000e+01
3.070000000000000000e+02 6.000000000000000000e+00
3.070000000000000000e+02 7.000000000000000000e+00
3.070000000000000000e+02 8.000000000000000000e+00
3.070000000000000000e+02 9.000000000000000000e+00
3.070000000000000000e+02 1.000000000000000000e+01
3.070000000000000000e+02 1.100000000000000000e+01
3.070000000000000000e+02 1.200000000000000000e+01
3.070000000000000000e+02 1.300000000000000000e+01
3.070000000000000000e+02 1.400000000000000000e+01
3.070000000000000000e+02 1.500000000000000000e+01
3.070000000000000000e+02 1.600000000000000000e+01
3.070000000000000000e+02 1.700000000000000000e+01
3.070000000000000000e+02 1.800000000000000000e+01
3.080000000000000000e+02 5.000000000000000000e+00
3.080000000000000000e+02 6.000000000000000000e+00
3.080000000000000000e+02 7.000000000000000000e+00
3.080000000000000000e+02 8.000000000000000000e+00
3.080000000000000000e+02 9.000000000000000000e+00
3.080000000000000000e+02 1.000000000000000000e+01
3.080000000000000000e+02 1.100000000000000000e+01
3.080000000000000000e+02 1.200000000000000000e+01
3.080000000000000000e+02 1.300000000000000000e+01
3.080000000000000000e+02 1.400000000000000000e+01
3.080000000000000000e+02 1.500000000000000000e+01
3.080000000000000000e+02 1.600000000000000000e+01
3.080000000000000000e+02 1.700000000000000000e+01
3.080000000000000000e+02 1.800000000000000000e+01
3.090000000000000000e+02 4.000000000000000000e+00
3.090000000000000000e+02 5.000000000000000000e+00
3.090000000000000000e+02 6.000000000000000000e+00
3.090000000000000000e+02 7.000000000000000000e+00
3.090000000000000000e+02 8.000000000000000000e+00
3.090000000000000000e+02 9.000000000000000000e+00
3.090000000000000000e+02 1.000000000000000000e+01
3.090000000000000000e+02 1.100000000000000000e+01
3.090000000000000000e+02 1.200000000000000000e+01
3.090000000000000000e+02 1.300000000000000000e+01
3.090000000000000000e+02 1.400000000000000000e+01
3.090000000000000000e+02 1.500000000000000000e+01
3.090000000000000000e+02 1.600000000000000000e+01
3.090000000000000000e+02 1.700000000000000000e+01
3.090000000000000000e+02 1.800000000000000000e+01
3.100000000000000000e+02 3.000000000000000000e+00
3.100000000000000000e+02 4.000000000000000000e+00
3.100000000000000000e+02 5.000000000000000000e+00
3.100000000000000000e+02 6.000000000000000000e+00
3.100000000000000000e+02 7.000000000000000000e+00
3.100000000000000000e+02 8.000000000000000000e+00
3.100000000000000000e+02 9.000000000000000000e+00
3.100000000000000000e+02 1.000000000000000000e+01
3.100000000000000000e+02 1.100000000000000000e+01
3.100000000000000000e+02 1.200000000000000000e+01
3.100000000000000000e+02 1.300000000000000000e+01
3.100000000000000000e+02 1.400000000000000000e+01
3.100000000000000000e+02 1.500000000000000000e+01
3.100000000000000000e+02 1.600000000000000000e+01
3.100000000000000000e+02 1.700000000000000000e+01
3.100000000000000000e+02 1.800000000000000000e+01
3.110000000000000000e+02 2.000000000000000000e+00
3.110000000000000000e+02 3.000000000000000000e+00
3.110000000000000000e+02 4.000000000000000000e+00
3.110000000000000000e+02 5.000000000000000000e+00
3.110000000000000000e+02 6.000000000000000000e+00
3.110000000000000000e+02 7.000000000000000000e+00
3.110000000000000000e+02 8.000000000000000000e+00
3.110000000000000000e+02 9.000000000000000000e+00
3.110000000000000000e+02 1.000000000000000000e+01
3.110000000000000000e+02 1.100000000000000000e+01
3.110000000000000000e+02 1.200000000000000000e+01
3.110000000000000000e+02 1.300000000000000000e+01
3.110000000000000000e+02 1.400000000000000000e+01
3.110000000000000000e+02 1.500000000000000000e+01
3.110000000000000000e+02 1.600000000000000000e+01
3.110000000000000000e+02 1.700000000000000000e+01
3.110000000000000000e+02 1.800000000000000000e+01
3.120000000000000000e+02 1.000000000000000000e+00
3.120000000000000000e+02 2.000000000000000000e+00
3.120000000000000000e+02 3.000000000000000000e+00
3.120000000000000000e+02 4.000000000000000000e+00
3.120000000000000000e+02 5.000000000000000000e+00
3.120000000000000000e+02 6.000000000000000000e+00
3.120000000000000000e+02 7.000000000000000000e+00
3.120000000000000000e+02 8.000000000000000000e+00
3.120000000000000000e+02 9.000000000000000000e+00
3.120000000000000000e+02 1.000000000000000000e+01
3.120000000000000000e+02 1.100000000000000000e+01
3.120000000000000000e+02 1.200000000000000000e+01
3.120000000000000000e+02 1.300000000000000000e+01
3.120000000000000000e+02 1.400000000000000000e+01
3.120000000000000000e+02 1.500000000000000000e+01
3.120000000000000000e+02 1.600000000000000000e+01
3.120000000000000000e+02 1.700000000000000000e+01
3.120000000000000000e+02 1.800000000000000000e+01
3.130000000000000000e+02 0.000000000000000000e+00
3.130000000000000000e+02 1.000000000000000000e+00
3.130000000000000000e+02 2.000000000000000000e+00
3.130000000000000000e+02 3.000000000000000000e+00
3.130000000000000000e+02 4.000000000000000000e+00
3.130000000000000000e+02 5.000000000000000000e+00
3.130000000000000000e+02 6.000000000000000000e+00
3.130000000000000000e+02 7.000000000000000000e+00
3.130000000000000000e+02 8.000000000000000000e+00
3.130000000000000000e+02 9.000000000000000000e+00
3.130000000000000000e+02 1.000000000000000000e+01
3.130000000000000000e+02 1.100000000000000000e+01
3.130000000000000000e+02 1.200000000000000000e+01
3.130000000000000000e+02 1.300000000000000000e+01
3.130000000000000000e+02 1.400000000000000000e+01
3.130000000000000000e+02 1.500000000000000000e+01
3.130000000000000000e+02 1.600000000000000000e+01
3.130000000000000000e+02 1.700000000000000000e+01
3.130000000000000000e+02 1.800000000000000000e+01
3.140000000000000000e+02 0.000000000000000000e+00
3.140000000000000000e+02 1.000000000000000000e+00
3.140000000000000000e+02 2.000000000000000000e+00
3.140000000000000000e+02 3.000000000000000000e+00
3.140000000000000000e+02 4.000000000000000000e+00
3.140000000000000000e+02 5.000000000000000000e+00
3.140000000000000000e+02 6.000000000000000000e+00
3.140000000000000000e+02 7.000000000000000000e+00
3.140000000000000000e+02 8.000000000000000000e+00
3.140000000000000000e+02 9.000000000000000000e+00
3.140000000000000000e+02 1.000000000000000000e+01
3.140000000000000000e+02 1.100000000000000000e+01
3.140000000000000000e+02 1.200000000000000000e+01
3.140000000000000000e+02 1.300000000000000000e+01
3.140000000000000000e+02 1.400000000000000000e+01
3.140000000000000000e+02 1.500000000000000000e+01
3.140000000000000000e+02 1.600000000000000000e+01
3.140000000000000000e+02 1.700000000000000000e+01
3.140000000000000000e+02 1.800000000000000000e+01
3.150000000000000000e+02 0.000000000000000000e+00
3.150000000000000000e+02 1.000000000000000000e+00
3.150000000000000000e+02 2.000000000000000000e+00
3.150000000000000000e+02 3.000000000000000000e+00
3.150000000000000000e+02 4.000000000000000000e+00
3.150000000000000000e+02 5.000000000000000000e+00
3.150000000000000000e+02 6.000000000000000000e+00
3.150000000000000000e+02 7.000000000000000000e+00
3.150000000000000000e+02 8.000000000000000000e+00
3.150000000000000000e+02 9.000000000000000000e+00
3.150000000000000000e+02 1.000000000000000000e+01
3.150000000000000000e+02 1.100000000000000000e+01
3.150000000000000000e+02 1.200000000000000000e+01
3.150000000000000000e+02 1.300000000000000000e+01
3.150000000000000000e+02 1.400000000000000000e+01
3.150000000000000000e+02 1.500000000000000000e+01
3.150000000000000000e+02 1.600000000000000000e+01
3.150000000000000000e+02 1.700000000000000000e+01
3.150000000000000000e+02 1.800000000000000000e+01
3.160000000000000000e+02 0.000000000000000000e+00
3.160000000000000000e+02 1.000000000000000000e+00
3.160000000000000000e+02 2.000000000000000000e+00
3.160000000000000000e+02 3.000000000000000000e+00
3.160000000000000000e+02 4.000000000000000000e+00
3.160000000000000000e+02 5.000000000000000000e+00
3.160000000000000000e+02 6.000000000000000000e+00
3.160000000000000000e+02 7.000000000000000000e+00
3.160000000000000000e+02 8.000000000000000000e+00
3.160000000000000000e+02 9.000000000000000000e+00
3.160000000000000000e+02 1.000000000000000000e+01
3.160000000000000000e+02 1.100000000000000000e+01
3.160000000000000000e+02 1.200000000000000000e+01
3.160000000000000000e+02 1.300000000000000000e+01
3.160000000000000000e+02 1.400000000000000000e+01
3.160000000000000000e+02 1.500000000000000000e+01
3.160000000000000000e+02 1.600000000000000000e+01
3.160000000000000000e+02 1.700000000000000000e+01
3.160000000000000000e+02 1.800000000000000000e+01
3.170000000000000000e+02 0.000000000000000000e+00
3.170000000000000000e+02 1.000000000000000000e+00
3.170000000000000000e+02 2.000000000000000000e+00
3.170000000000000000e+02 3.000000000000000000e+00
3.170000000000000000e+02 4.000000000000000000e+00
3.170000000000000000e+02 5.000000000000000000e+00
3.170000000000000000e+02 6.000000000000000000e+00
3.170000000000000000e+02 7.000000000000000000e+00
3.170000000000000000e+02 8.000000000000000000e+00
3.170000000000000000e+02 9.000000000000000000e+00
3.170000000000000000e+02 1.000000000000000000e+01
3.170000000000000000e+02 1.100000000000000000e+01
3.170000000000000000e+02 1.200000000000000000e+01
3.170000000000000000e+02 1.300000000000000000e+01
3.170000000000000000e+02 1.400000000000000000e+01
3.170000000000000000e+02 1.500000000000000000e+01
3.170000000000000000e+02 1.600000000000000000e+01
3.170000000000000000e+02 1.700000000000000000e+01
3.170000000000000000e+02 1.800000000000000000e+01
3.180000000000000000e+02 0.000000000000000000e+00
3.180000000000000000e+02 1.000000000000000000e+00
3.180000000000000000e+02 2.000000000000000000e+00
3.180000000000000000e+02 3.000000000000000000e+00
3.180000000000000000e+02 4.000000000000000000e+00
3.180000000000000000e+02 5.000000000000000000e+00
3.180000000000000000e+02 6.000000000000000000e+00
3.180000000000000000e+02 7.000000000000000000e+00
3.180000000000000000e+02 8.000000000000000000e+00
3.180000000000000000e+02 9.000000000000000000e+00
3.180000000000000000e+02 1.000000000000000000e+01
3.180000000000000000e+02 1.100000000000000000e+01
3.180000000000000000e+02 1.200000000000000000e+01
3.180000000000000000e+02 1.300000000000000000e+01
3.180000000000000000e+02 1.400000000000000000e+01
3.180000000000000000e+02 1.500000000000000000e+01
3.180000000000000000e+02 1.600000000000000000e+01
3.180000000000000000e+02 1.700000000000000000e+01
3.180000000000000000e+02 1.800000000000000000e+01
3.190000000000000000e+02 0.000000000000000000e+00
3.190000000000000000e+02 1.000000000000000000e+00
3.190000000000000000e+02 2.000000000000000000e+00
3.190000000000000000e+02 3.000000000000000000e+00
3.190000000000000000e+02 4.000000000000000000e+00
3.190000000000000000e+02 5.000000000000000000e+00
3.190000000000000000e+02 6.000000000000000000e+00
3.190000000000000000e+02 7.000000000000000000e+00
3.190000000000000000e+02 8.000000000000000000e+00
3.190000000000000000e+02 9.000000000000000000e+00
3.190000000000000000e+02 1.000000000000000000e+01
3.190000000000000000e+02 1.100000000000000000e+01
3.190000000000000000e+02 1.200000000000000000e+01
3.190000000000000000e+02 1.300000000000000000e+01
3.190000000000000000e+02 1.400000000000000000e+01
3.190000000000000000e+02 1.500000000000000000e+01
3.190000000000000000e+02 1.600000000000000000e+01
3.190000000000000000e+02 1.700000000000000000e+01
3.190000000000000000e+02 1.800000000000000000e+01
3.200000000000000000e+02 0.000000000000000000e+00
3.200000000000000000e+02 1.000000000000000000e+00
3.200000000000000000e+02 2.000000000000000000e+00
3.200000000000000000e+02 3.000000000000000000e+00
3.200000000000000000e+02 4.000000000000000000e+00
3.200000000000000000e+02 5.000000000000000000e+00
3.200000000000000000e+02 6.000000000000000000e+00
3.200000000000000000e+02 7.000000000000000000e+00
3.200000000000000000e+02 8.000000000000000000e+00
3.200000000000000000e+02 9.000000000000000000e+00
3.200000000000000000e+02 1.000000000000000000e+01
3.200000000000000000e+02 1.100000000000000000e+01
3.200000000000000000e+02 1.200000000000000000e+01
3.200000000000000000e+02 1.300000000000000000e+01
3.200000000000000000e+02 1.400000000000000000e+01
3.200000000000000000e+02 1.500000000000000000e+01
3.200000000000000000e+02 1.600000000000000000e+01
3.200000000000000000e+02 1.700000000000000000e+01
3.200000000000000000e+02 1.800000000000000000e+01
3.210000000000000000e+02 0.000000000000000000e+00
3.210000000000000000e+02 1.000000000000000000e+00
3.210000000000000000e+02 2.000000000000000000e+00
3.210000000000000000e+02 3.000000000000000000e+00
3.210000000000000000e+02 4.000000000000000000e+00
3.210000000000000000e+02 5.000000000000000000e+00
3.210000000000000000e+02 6.000000000000000000e+00
3.210000000000000000e+02 7.000000000000000000e+00
3.210000000000000000e+02 8.000000000000000000e+00
3.210000000000000000e+02 9.000000000000000000e+00
3.210000000000000000e+02 1.000000000000000000e+01
3.210000000000000000e+02 1.100000000000000000e+01
3.210000000000000000e+02 1.200000000000000000e+01
3.210000000000000000e+02 1.300000000000000000e+01
3.210000000000000000e+02 1.400000000000000000e+01
3.210000000000000000e+02 1.500000000000000000e+01
3.210000000000000000e+02 1.600000000000000000e+01
3.210000000000000000e+02 1.700000000000000000e+01
3.210000000000000000e+02 1.800000000000000000e+01
3.220000000000000000e+02 0.000000000000000000e+00
3.220000000000000000e+02 1.000000000000000000e+00
3.220000000000000000e+02 2.000000000000000000e+00
3.220000000000000000e+02 3.000000000000000000e+00
3.220000000000000000e+02 4.000000000000000000e+00
3.220000000000000000e+02 5.000000000000000000e+00
3.220000000000000000e+02 6.000000000000000000e+00
3.220000000000000000e+02 7.000000000000000000e+00
3.220000000000000000e+02 8.000000000000000000e+00
3.220000000000000000e+02 9.000000000000000000e+00
3.220000000000000000e+02 1.000000000000000000e+01
3.220000000000000000e+02 1.100000000000000000e+01
3.220000000000000000e+02 1.200000000000000000e+01
3.220000000000000000e+02 1.300000000000000000e+01
3.220000000000000000e+02 1.400000000000000000e+01
3.220000000000000000e+02 1.500000000000000000e+01
3.220000000000000000e+02 1.600000000000000000e+01
3.220000000000000000e+02 1.700000000000000000e+01
3.220000000000000000e+02 1.800000000000000000e+01
