0.000000000000000000e+00
2.733219721639098543e-01
4.475026968016853623e-01
6.552893579652624423e-01
7.187101580616731544e-01
5.128008450094174719e-01
6.532777341546219807e-02
-4.289485799704227942e-01
-6.466821308360811704e-01
-6.822635287136473714e-01
-6.216314342210420563e-01
-4.780480410599768915e-01
-2.840383088338702122e-01
-1.344957682595935844e-01
2.733226841947501429e-01
4.475033795166094008e-01
6.552899503684965765e-01
7.187107068079228167e-01
5.128015125682954256e-01
6.532868100867561534e-02
-4.289474256955427833e-01
-6.466808158442785004e-01
-6.822621755662789944e-01
-6.216302042406740558e-01
-4.780470954132591821e-01
-2.840377469881784633e-01
-1.344955022211849482e-01
2.733226851241934430e-01
4.475033804077854227e-01
6.552899511417850098e-01
7.187107075242239462e-01
5.128015134396877173e-01
6.532868219339454940e-02
-4.289474241888200368e-01
-6.466808141277653466e-01
-6.822621737999597924e-01
-6.216302026351299137e-01
-4.780470941788674821e-01
-2.840377462547780674e-01
-1.344955018739140140e-01
2.733221790879101776e-01
4.475028952061577137e-01
6.552895301241635773e-01
7.187103175333739991e-01
5.128010390093760140e-01
6.532803717204094252e-02
-4.289482445254362286e-01
-6.466817486849877339e-01
-6.822631354741264254e-01
-6.216310767752073474e-01
-4.780477662446309672e-01
-2.840381455553273038e-01
-1.344956909459034677e-01
2.733226994767815055e-01
4.475033941694450679e-01
6.552899630830087974e-01
7.187107185854426650e-01
5.128015268958430184e-01
6.532870048798344875e-02
-4.289474009218054995e-01
-6.466807876211386752e-01
-6.822621465242216798e-01
-6.216301778421005064e-01
-4.780470751172243293e-01
-2.840377349295105103e-01
-1.344954965113096534e-01
2.733226299070751764e-01
4.475033274640805026e-01
6.552899052016409875e-01
7.187106649696253236e-01
5.128014616713155727e-01
6.532861181065408029e-02
-4.289475137014210349e-01
-6.466809161037666565e-01
-6.822622787348784357e-01
-6.216302980185985927e-01
-4.780471675126105047e-01
-2.840377898252222644e-01
-1.344955225048662661e-01
2.733226552101961082e-01
4.475033517254148330e-01
6.552899262536091562e-01
7.187106844701749431e-01
5.128014853940562334e-01
6.532864406338750873e-02
-4.289474726824719086e-01
-6.466808693734922286e-01
-6.822622306486867405e-01
-6.216302543093374933e-01
-4.780471339075868520e-01
-2.840377698591636801e-01
-1.344955130507785590e-01
2.733226831971209414e-01
4.475033785600548430e-01
6.552899495384780781e-01
7.187107060390722779e-01
5.128015116329760481e-01
6.532867973704326037e-02
-4.289474273128018877e-01
-6.466808176867185898e-01
-6.822621774621790980e-01
-6.216302059640043121e-01
-4.780470967382085545e-01
-2.840377477753826541e-01
-1.344955025939323923e-01
2.733226787673995739e-01
4.475033743127150854e-01
6.552899458529899412e-01
7.187107026251851050e-01
5.128015074799259221e-01
6.532867409067955045e-02
-4.289474344938336570e-01
-6.466808258676105536e-01
-6.822621858804462924e-01
-6.216302136160188896e-01
-4.780471026213125585e-01
-2.840377512707648044e-01
-1.344955042490236785e-01
2.733223146106501522e-01
4.475030251491207145e-01
6.552896428778602900e-01
7.187104219777197267e-01
5.128011660676481398e-01
6.532820991669197053e-02
-4.289480248292018016e-01
-6.466814983990701871e-01
-6.822628779259578558e-01
-6.216308426697442213e-01
-4.780475862571543222e-01
-2.840380386177295824e-01
-1.344956403100994458e-01
2.733230720305677153e-01
4.475037513843512782e-01
6.552902730443972423e-01
7.187110057043164524e-01
5.128018761806960590e-01
6.532917536529059266e-02
-4.289467969739811926e-01
-6.466800995818752229e-01
-6.822614385209346821e-01
-6.216295342831180681e-01
-4.780465803292949789e-01
-2.840374409566543967e-01
-1.344953573128215840e-01
1.347118200608907190e-01
1.773070971879563973e-01
2.231656478903199792e-01
2.357218031580296524e-01
1.929025273424586628e-01
9.822320652733942947e-02
-8.011821805119161144e-03
-5.014888139045173970e-02
-5.597005752424977915e-02
-5.125697368550675287e-02
-3.943874956855887570e-02
-2.343503041591781660e-02
-1.109702850484325237e-02
2.733226752633438617e-01
4.475033709529292469e-01
6.552899429376470852e-01
7.187106999246876127e-01
5.128015041947262542e-01
6.532866962421957080e-02
-4.289474401742666698e-01
-6.466808323389658941e-01
-6.822621925395733200e-01
-6.216302196690147719e-01
-4.780471072750418493e-01
-2.840377540357273412e-01
-1.344955055582554571e-01
-3.886771203125394258e-02
-5.187977317754957629e-04
5.245970415605415854e-02
7.073241440680433367e-02
1.440203698123149884e-02
-1.056393566557989327e-01
-2.358245936457867009e-01
-2.999734548247383059e-01
-3.120102394564199799e-01
-2.839014368161192348e-01
-2.182956725757512484e-01
-1.297002293299752695e-01
-6.141436229251049511e-02
-5.942120378118753710e-02
-5.884776952545112128e-02
-5.376000580082906932e-02
-5.092658341776845621e-02
-5.830129330745847938e-02
-7.288227139959913004e-02
-8.751945531345803331e-02
-9.810929337991709798e-02
-1.007861424109184889e-01
-9.159748351831380198e-02
-7.042176229018379252e-02
-4.184020872876118013e-02
-1.981165816530355145e-02
2.733227868151246187e-01
4.475034779118715056e-01
6.552900357477221549e-01
7.187107858951511385e-01
5.128016087792151012e-01
6.532881181418309646e-02
-4.289472593374108467e-01
-6.466806263230617802e-01
-6.822619805459487763e-01
-6.216300269716025229e-01
-4.780469591233476034e-01
-2.840376660130127795e-01
-1.344954638787992374e-01
2.733224165753644352e-01
4.475031229157176438e-01
6.552897277115825592e-01
7.187105005596453600e-01
5.128012616638588650e-01
6.532833988645936341e-02
-4.289478595339621947e-01
-6.466813100887388588e-01
-6.822626841516478136e-01
-6.216306665332770320e-01
-4.780474508380236909e-01
-2.840379581599288827e-01
-1.344956022126901907e-01
2.618763437310309139e-03
8.601606936948756610e-02
1.948664038225665363e-01
2.308122920470105643e-01
1.179854641266607773e-01
-1.241317726086099416e-01
-3.884502082150964042e-01
-5.136912983528375554e-01
-5.361697216299694535e-01
-4.880278196653563549e-01
-3.752642366976357002e-01
-2.229642340141352874e-01
-1.055759558985458479e-01
2.733226896622736879e-01
4.475033847590226821e-01
6.552899549174269200e-01
7.187107110216208739e-01
5.128015176943288012e-01
6.532868797787833026e-02
-4.289474168321274483e-01
-6.466808057467542392e-01
-6.822621651757668770e-01
-6.216301947959333996e-01
-4.780470881518522619e-01
-2.840377426738926459e-01
-1.344955001783362802e-01
2.733226767385581457e-01
4.475033723674056718e-01
6.552899441650121837e-01
7.187107010616022862e-01
5.128015055778016862e-01
6.532867150460802685e-02
-4.289474377827932061e-01
-6.466808296145125645e-01
-6.822621897360677812e-01
-6.216302171206916638e-01
-4.780471053158126815e-01
-2.840377528716726552e-01
-1.344955050070663072e-01
