1.476850786804016380e+00 0.000000000000000000e+00 1.685272596303746706e+00 0.000000000000000000e+00 1.000000000000000000e+01
2.414241735521176935e+00 0.000000000000000000e+00 7.117160830206231914e+00 1.255533461946848617e-01 0.000000000000000000e+00
3.143374741370307479e+00 0.000000000000000000e+00 9.266576229363350237e+00 9.643092692603920379e-02 0.000000000000000000e+00
1.199078760992317721e-01 0.000000000000000000e+00 3.534847848311837293e-01 2.527929524831023400e+00 0.000000000000000000e+00
5.995448735409720342e+00 7.082771095570558062e-01 7.716496434807917026e+00 7.117731859952477480e-01 0.000000000000000000e+00
3.135756811714714987e-01 0.000000000000000000e+00 9.244149998862195572e-01 9.666481203279785328e-01 0.000000000000000000e+00
2.456233027374412181e+00 0.000000000000000000e+00 7.240896560391504089e+00 1.234080357464011068e-01 0.000000000000000000e+00
3.031236237390956892e-02 0.000000000000000000e+00 8.935996877426180540e-02 9.999830139772496906e+00 0.000000000000000000e+00
2.889249592965769109e-01 0.000000000000000000e+00 8.517413278770804563e-01 1.049126942385084860e+00 0.000000000000000000e+00
3.045455295512346575e-02 0.000000000000000000e+00 8.977895993673003228e-02 9.953168212775498347e+00 0.000000000000000000e+00
5.851150873161913707e-02 9.968125388395295161e+00 1.020976977268207991e-01 0.000000000000000000e+00 3.664543933066490011e-02
2.468759258734217754e-01 0.000000000000000000e+00 7.277836592387630921e-01 1.227815971242905979e+00 0.000000000000000000e+00
3.031220921261303450e-02 0.000000000000000000e+00 8.935893355808977034e-02 9.999989387916143002e+00 0.000000000000000000e+00
3.031332359726877229e-02 0.000000000000000000e+00 8.936281840873457061e-02 9.999511519412621396e+00 0.000000000000000000e+00
6.160843810754514788e-02 0.000000000000000000e+00 1.816196934631867932e-01 4.920087440376907040e+00 0.000000000000000000e+00
3.545519913543825896e-01 0.000000000000000000e+00 1.045205716732396262e+00 8.549363253407357144e-01 0.000000000000000000e+00
9.460027608365353391e-01 0.000000000000000000e+00 2.788787511565505195e+00 3.204204985704413589e-01 0.000000000000000000e+00
5.916281034495433216e-02 0.000000000000000000e+00 1.744101461716056622e-01 5.123466463386510128e+00 0.000000000000000000e+00
3.790912233327834446e-01 0.000000000000000000e+00 1.117546542293144096e+00 7.995954456689455814e-01 0.000000000000000000e+00
1.059697880285857402e-01 0.000000000000000000e+00 3.123955324827374369e-01 2.860427560127091873e+00 0.000000000000000000e+00
