1.033457962648185874e-01 3.806394500684122106e-01 8.650268889629077196e-02 8.724363565147200461e+00 0.000000000000000000e+00
5.864900437197750199e-02 0.000000000000000000e+00 1.728950346497247770e-01 5.168373226200039028e+00 0.000000000000000000e+00
2.766708042580717564e+00 0.000000000000000000e+00 8.156158764947390338e+00 1.095595197235642027e-01 0.000000000000000000e+00
1.026942207260525652e+00 0.000000000000000000e+00 3.027393786843534329e+00 2.951664231930961058e-01 0.000000000000000000e+00
3.031190491467566570e-02 0.000000000000000000e+00 8.935861828036824328e-02 9.999981665270782472e+00 0.000000000000000000e+00
4.859041433050598768e-01 0.000000000000000000e+00 1.432429603525232853e+00 6.238235879856361965e-01 0.000000000000000000e+00
3.392163884622422909e+00 0.000000000000000000e+00 1.000000000000000000e+01 8.935845063182736026e-02 0.000000000000000000e+00
7.755435993724149601e-02 0.000000000000000000e+00 2.286279564474664461e-01 3.908465898246506587e+00 0.000000000000000000e+00
4.336791134111738638e-02 7.018178037574515082e-01 1.170612905662494901e-01 7.549641596336087446e+00 0.000000000000000000e+00
2.319991412308497758e-01 0.000000000000000000e+00 6.839261445584814414e-01 1.306551026012192196e+00 0.000000000000000000e+00
3.853004689815194284e-01 0.000000000000000000e+00 1.135854375780573688e+00 7.867070390640952260e-01 0.000000000000000000e+00
2.363878908391302269e-01 0.000000000000000000e+00 6.968648379928927827e-01 1.282291235030288856e+00 0.000000000000000000e+00
3.905834919996247212e-01 0.000000000000000000e+00 1.151428300993942777e+00 7.760662354931959772e-01 0.000000000000000000e+00
1.741875091968788203e+00 8.464759479682157917e+00 3.338946108555549408e+00 4.077518772873886199e+00 0.000000000000000000e+00
1.536562844943320238e-01 0.000000000000000000e+00 4.529740888556617051e-01 1.972705939268297293e+00 0.000000000000000000e+00
9.646959069671441345e-01 0.000000000000000000e+00 2.843890852534983971e+00 3.142118961159530155e-01 0.000000000000000000e+00
1.153669237923423269e-01 4.898683584357717002e-01 2.107805334512574402e-01 5.613953014803372277e+00 0.000000000000000000e+00
2.563625473333296600e+00 0.000000000000000000e+00 7.557487701296514260e+00 1.182382687648597802e-01 0.000000000000000000e+00
2.692033769719472946e-01 0.000000000000000000e+00 7.936026716759028155e-01 1.125984722991816067e+00 0.000000000000000000e+00
2.355063567803018731e+00 0.000000000000000000e+00 6.942651187600322515e+00 1.287094482934975359e-01 0.000000000000000000e+00
