0.000000000000000000e+00
2.098692704612585280e-01
1.929373734002605423e-01
2.052493828147888832e-01
2.605589713346860847e-01
3.583403000268232663e-01
4.565184323332415750e-01
5.375955483543256586e-01
5.895235621776762081e-01
5.997211286503596472e-01
5.759250386129139976e-01
5.213626378452093091e-01
4.284510734361408613e-01
3.103455527153420324e-01
1.626560895445740562e-01
-2.275820706321950160e-02
-2.052349628773096901e-01
-3.747894827258043127e-01
-4.924940086841639308e-01
-5.339184550416363750e-01
-5.068641339950220592e-01
-4.429995529430805212e-01
-3.535150072805088861e-01
-2.663859124685150626e-01
-1.881615603473484888e-01
-1.264629094770073070e-01
2.098689284134748756e-01
1.929369911445993069e-01
2.052489473993014402e-01
2.605584834403259498e-01
3.583397675045293385e-01
4.565178761005296848e-01
5.375949903439863897e-01
5.895230334114993642e-01
5.997206593071013891e-01
5.759246574944849595e-01
5.213623658748164358e-01
4.284509271872796732e-01
3.103455035234945480e-01
1.626560984639026930e-01
-2.275817154569373391e-02
-2.052349189376043714e-01
-3.747894364327976069e-01
-4.924939629371055116e-01
-5.339184121109411540e-01
-5.068640953573888552e-01
-4.429995198678698953e-01
-3.535149811106693685e-01
-2.663858928107057933e-01
-1.881615464830577733e-01
-1.264629001680857290e-01
2.098690741520173320e-01
1.929371350972161059e-01
2.052490847840596766e-01
2.605586109558117869e-01
3.583398833272252171e-01
4.565179837257321571e-01
5.375950962133893007e-01
5.895231481479202840e-01
5.997207926871640504e-01
5.759248170613754381e-01
5.213625552335269253e-01
4.284511484974368734e-01
3.103457508478079663e-01
1.626563665279841253e-01
-2.275788777953462530e-02
-2.052346273431941426e-01
-3.747891442194959954e-01
-4.924936784562634617e-01
-5.339181464770085261e-01
-5.068638566479920504e-01
-4.429993156388303821e-01
-3.535148195585024467e-01
-2.663857714701045598e-01
-1.881614609079640676e-01
-1.264628427123275223e-01
2.098692098346234824e-01
1.929372675661715775e-01
2.052492087429031165e-01
2.605587230840470392e-01
3.583399820519040935e-01
4.565180733182247486e-01
5.375951839651872399e-01
5.895232459034266403e-01
5.997209114041516242e-01
5.759249653870818220e-01
5.213627375506413308e-01
4.284513675725710180e-01
3.103459996652718211e-01
1.626566383844519903e-01
-2.275759908797361439e-02
-2.052343304275298930e-01
-3.747888465946990766e-01
-4.924933886834030328e-01
-5.339178758941657277e-01
-5.068636134892654521e-01
-4.429991076024947239e-01
-3.535146549944168104e-01
-2.663856478672096961e-01
-1.881613737373709072e-01
-1.264627841853274148e-01
2.098691367384235562e-01
1.929371834353650894e-01
2.052491094799258897e-01
2.605586084456870122e-01
3.583398539123452964e-01
4.565179377493240320e-01
5.375950476919690857e-01
5.895231186329255024e-01
5.997208025076374849e-01
5.759248835775399034e-01
5.213626889156188771e-01
4.284513568442400722e-01
3.103460183748744106e-01
1.626566753861641845e-01
-2.275755291217403109e-02
-2.052342809780809130e-01
-3.747887964330119392e-01
-4.924933396666169583e-01
-5.339178300671439947e-01
-5.068635722915644237e-01
-4.429990723505976558e-01
-3.535146271072885371e-01
-2.663856269209051719e-01
-1.881613589648699902e-01
-1.264627742668702759e-01
2.098691378155103648e-01
1.929371718957781090e-01
2.052490784258363121e-01
2.605585558464888485e-01
3.583397807682886516e-01
4.565178523526820520e-01
5.375949606079741816e-01
5.895230458233624571e-01
5.997207591249681391e-01
5.759248828788935404e-01
5.213627392687774087e-01
4.284514644086214741e-01
3.103461710141171559e-01
1.626568584919387550e-01
-2.275735167881912796e-02
-2.052340720806757890e-01
-3.747885864506865783e-01
-4.924931350480230008e-01
-5.339176389437130243e-01
-5.068634005237481199e-01
-4.429989253884917821e-01
-3.535145108534639147e-01
-2.663855396030205824e-01
-1.881612973840018077e-01
-1.264627329209200568e-01
2.098689966594738943e-01
1.929370072748003984e-01
2.052488812531789719e-01
2.605583253092928486e-01
3.583395206592034921e-01
4.565175758111693627e-01
5.375946824199261398e-01
5.895227874511074218e-01
5.997205412450624662e-01
5.759247245752774358e-01
5.213626537239901548e-01
4.284514618118914764e-01
3.103462329428251509e-01
1.626569609300781982e-01
-2.275722844345439907e-02
-2.052339412224114257e-01
-3.747884540322099500e-01
-4.924930057482370116e-01
-5.339175180884065952e-01
-5.068632918851564417e-01
-4.429988324316444515e-01
-3.535144373178865096e-01
-2.663854843699633990e-01
-1.881612584306687208e-01
-1.264627067671717786e-01
2.098680710653161585e-01
1.929360437406124618e-01
2.052478833153599802e-01
2.605573060905792548e-01
3.583384957047740516e-01
4.565165552459153897e-01
5.375936664586545843e-01
5.895217707350167702e-01
5.997195206493887154e-01
5.759237038133020459e-01
5.213616425160080281e-01
4.284504704643478656e-01
3.103452518793574644e-01
1.626559666790593772e-01
-2.275825198997136548e-02
-2.052349847446051923e-01
-3.747894972606112263e-01
-4.924940206173202828e-01
-5.339184654842553668e-01
-5.068641431885941850e-01
-4.429995607480031183e-01
-3.535150134341791262e-01
-2.663859170844749547e-01
-1.881615636005203596e-01
-1.264629116601239112e-01
2.098689639386067951e-01
1.929369991691377018e-01
2.052489120207974804e-01
2.605583995458121693e-01
3.583396368264281096e-01
4.565177172425714525e-01
5.375948274624059442e-01
5.895229032041550132e-01
5.997205965410375983e-01
5.759246923576515353e-01
5.213625171580934525e-01
4.284512086098268835e-01
3.103458876701138403e-01
1.626565527620507656e-01
-2.275767474125664838e-02
-2.052344038910793866e-01
-3.747889189154286482e-01
-4.924934587001887909e-01
-5.339179411491274951e-01
-5.068636720964687647e-01
-4.429991577335048447e-01
-3.535146946461918960e-01
-2.663856776482971256e-01
-1.881613947400023745e-01
-1.264627982864599542e-01
2.098693154202689315e-01
1.929374163806636122e-01
2.052494215640498776e-01
2.605590046070948018e-01
3.583403273746716966e-01
4.565184557711824964e-01
5.375955710609523486e-01
5.895235892292179924e-01
5.997211647710345428e-01
5.759250876251196249e-01
5.213627018059001639e-01
4.284511537074455756e-01
3.103456460958780583e-01
1.626561927568898058e-01
-2.275809696668970594e-02
-2.052348495042399523e-01
-3.747893690394353272e-01
-4.924938979842944375e-01
-5.339183516687604492e-01
-5.068640410980973510e-01
-4.429994734640460563e-01
-3.535149444096699067e-01
-2.663858652466478683e-01
-1.881615270442469623e-01
-1.264628871170450364e-01
2.098690823943529793e-01
1.929372601194067616e-01
2.052493899563181401e-01
2.605591146963869842e-01
3.583405761319866101e-01
4.565187891318576163e-01
5.375959170478803451e-01
5.895238377148011022e-01
5.997212116900255685e-01
5.759248435011642409e-01
5.213621119608952137e-01
4.284501786619381303e-01
3.103443662557163196e-01
1.626547019927895854e-01
-2.275971846026627471e-02
-2.052365281187741308e-01
-3.747910549788832091e-01
-4.924955404412879045e-01
-5.339198856695472895e-01
-5.068654197104265346e-01
-4.430006529737824383e-01
-3.535158774526253600e-01
-2.663865660511670619e-01
-1.881620212856558727e-01
-1.264632189549794450e-01
2.098691607281182869e-01
1.929372189725193365e-01
2.052491622249605074e-01
2.605586797400700760e-01
3.583399425034773378e-01
4.565180364459273665e-01
5.375951476726933409e-01
5.895232067234360551e-01
5.997208661488232506e-01
5.759249116078757336e-01
5.213626740917016722e-01
4.284512937495532081e-01
3.103459173934333126e-01
1.626565493382126082e-01
-2.275769329795220702e-02
-2.052344272215733123e-01
-3.747889435896559762e-01
-4.924934831103491839e-01
-5.339179640648795688e-01
-5.068636927229184241e-01
-4.429991753912126962e-01
-3.535147086176025910e-01
-2.663856881431721502e-01
-1.881614021418708260e-01
-1.264628032563205051e-01
2.098689355193150696e-01
1.929369593799825089e-01
2.052488554138443000e-01
2.605583248995655965e-01
3.583395454389933787e-01
4.565176161181097036e-01
5.375947251235715374e-01
5.895228123470067638e-01
5.997205292799877574e-01
5.759246594957919685e-01
5.213625257476456332e-01
4.284512639415590796e-01
3.103459796587842434e-01
1.626566688902747471e-01
-2.275754492868483497e-02
-2.052342685331463579e-01
-3.747887826737250072e-01
-4.924933258844553796e-01
-5.339178170758789310e-01
-5.068635605838224256e-01
-4.429990623233871494e-01
-3.535146191718799291e-01
-2.663856209596304203e-01
-1.881613547603114556e-01
-1.264627714437084050e-01
2.098694691097873488e-01
1.929375680242169100e-01
2.052495660302828540e-01
2.605591383885966228e-01
3.583404485615189761e-01
4.565185681560133824e-01
5.375956815725911886e-01
5.895237092749460173e-01
5.997213048554127512e-01
5.759252558731831062e-01
5.213629021269309272e-01
4.284513884581524490e-01
3.103459088590405091e-01
1.626564777823990560e-01
-2.275779515007491510e-02
-2.052345393341601376e-01
-3.747890582027614825e-01
-4.924935953703992175e-01
-5.339180691023074354e-01
-5.068637871722392330e-01
-4.429992562164174474e-01
-3.535147725593302814e-01
-2.663857361711607363e-01
-1.881614360141458664e-01
-1.264628259987528314e-01
2.098693240509912905e-01
1.929373733552073589e-01
2.052492985304529838e-01
2.605587931641089039e-01
3.583400315606272701e-01
4.565181096042603137e-01
5.375952179415587340e-01
5.895232947518180833e-01
5.997209911952876560e-01
5.759250893936939120e-01
5.213629132490018581e-01
4.284516000807823688e-01
3.103462775874765711e-01
1.626569494632145729e-01
-2.275726566015866606e-02
-2.052339866234481058e-01
-3.747885017031869492e-01
-4.924930528108242833e-01
-5.339175622392745568e-01
-5.068633316170532144e-01
-4.429988664423467060e-01
-3.535144642274941629e-01
-2.663855045833364299e-01
-1.881612726867430696e-01
-1.264627163391270903e-01
2.098690846006374400e-01
1.929371300092627417e-01
2.052490554268774636e-01
2.605585546399952768e-01
3.583398011613829204e-01
4.565178860666954108e-01
5.375949963814423693e-01
5.895230663229525936e-01
5.997207480065955831e-01
5.759248262055198797e-01
5.213626286584036595e-01
4.284512938686373951e-01
3.103459529558509344e-01
1.626566071827898752e-01
-2.275762397875851981e-02
-2.052343536821301939e-01
-3.747888691932703131e-01
-4.924934104720406491e-01
-5.339178961723890504e-01
-5.068636316938779363e-01
-4.429991231717424482e-01
-3.535146673082854574e-01
-2.663856571154875619e-01
-1.881613802594787888e-01
-1.264627885642155003e-01
2.098691413199927913e-01
1.929372013161871346e-01
2.052491477815741039e-01
2.605586691902722629e-01
3.583399359683359098e-01
4.565180324669858014e-01
5.375951441287033505e-01
5.895232002918102676e-01
5.997208537161291542e-01
5.759248905837990318e-01
5.213626429942048723e-01
4.284512515530697341e-01
3.103458663412155261e-01
1.626564918827605177e-01
-2.275775500805230639e-02
-2.052344908878430130e-01
-3.747890074681176631e-01
-4.924935453216326975e-01
-5.339180221619643785e-01
-5.068637449332992206e-01
-4.429992200607035802e-01
-3.535147439529121027e-01
-2.663857146833166212e-01
-1.881614208592509718e-01
-1.264628158233209454e-01
2.098691180491514541e-01
1.929371648633695369e-01
2.052490915775882496e-01
2.605585916185874096e-01
3.583398384033167350e-01
4.565179231834293749e-01
5.375950333363893607e-01
5.895231032662360260e-01
5.997207850098075221e-01
5.759248630982926054e-01
5.213626650666119966e-01
4.284513294029970165e-01
3.103459879955667855e-01
1.626566426159926637e-01
-2.275758753625644476e-02
-2.052343165386056323e-01
-3.747888320633234738e-01
-4.924933743523809970e-01
-5.339178624544299590e-01
-5.068636013959428865e-01
-4.429990972509498803e-01
-3.535146468043046108e-01
-2.663856417151792000e-01
-1.881613693984855173e-01
-1.264627812720769684e-01
2.098684871436504729e-01
1.929365296513752548e-01
2.052484662057111886e-01
2.605579884625604525e-01
3.583392663254179600e-01
4.565173749478668164e-01
5.375944911024965744e-01
5.895225362179957740e-01
5.997201652273690398e-01
5.759241705359083863e-01
5.213618920849600880e-01
4.284504725207317621e-01
3.103450613656064672e-01
1.626556551558364094e-01
-2.275862576792647002e-02
-2.052353813941398541e-01
-3.747898985661941573e-01
-4.924944124496714593e-01
-5.339188317194534239e-01
-5.068644724008729563e-01
-4.429998424386123457e-01
-3.535152362715898167e-01
-2.663860844590649202e-01
-1.881616816420934868e-01
-1.264629909146813835e-01
2.098693926069992721e-01
1.929374761640840208e-01
2.052494524505914797e-01
2.605590022285705354e-01
3.583402920890120802e-01
4.565184002237844818e-01
5.375955123972624428e-01
5.895235538155005894e-01
5.997211774767521320e-01
5.759251696835071543e-01
5.213628660179919772e-01
4.284514092390727114e-01
3.103459740123132304e-01
1.626565712402367470e-01
-2.275768664792866824e-02
-2.052344251073817127e-01
-3.747889429040958675e-01
-4.924934828735194059e-01
-5.339179639796857169e-01
-5.068636926833753886e-01
-4.429991753691675527e-01
-3.535147086041049991e-01
-2.663856881342024918e-01
-1.881614021359760691e-01
-1.264628032525739187e-01
