3.304940325823045311e-01 0.000000000000000000e+00 9.742849862581594023e-01 9.171710068986681508e-01
5.851820475892507423e-01 0.000000000000000000e+00 1.725099402626748768e+00 5.179902012501862441e-01
8.274210767878091566e-02 0.000000000000000000e+00 2.439212777060194848e-01 3.663413489733259976e+00
2.196666703746097959e-01 0.000000000000000000e+00 6.475709058842600285e-01 1.379902207840657091e+00
8.733870963767750295e-01 0.000000000000000000e+00 2.574719014332653710e+00 3.470609339008283722e-01
5.530390332579557811e-01 0.000000000000000000e+00 1.630341388755516041e+00 5.480971292046774579e-01
8.926989705693097465e-02 0.000000000000000000e+00 2.631650190989405780e-01 3.395529365353162632e+00
2.247447532053723052e+00 0.000000000000000000e+00 6.625408844312616452e+00 1.348723743408616893e-01
3.033559710596067313e-02 0.000000000000000000e+00 8.942846325392611595e-02 9.992170995893570051e+00
5.761434689569497891e-01 0.000000000000000000e+00 1.698452695963168946e+00 5.261163845667736760e-01
7.466283493308415453e-01 0.000000000000000000e+00 2.201033335106750588e+00 4.059840857942046966e-01
3.339401687896700333e-01 0.000000000000000000e+00 9.844454256077748155e-01 9.077033071296671807e-01
2.298659295709120531e+00 0.000000000000000000e+00 6.776355658643993252e+00 1.318680847721602767e-01
1.379753521977006070e+00 3.765087654768399350e+00 1.736755475314277986e+00 4.750742512055745159e+00
1.210212053336530702e-01 0.000000000000000000e+00 3.567665359980433104e-01 2.504678248654368833e+00
3.233432977650897988e-01 0.000000000000000000e+00 9.532041485920721424e-01 9.374528736742298030e-01
2.655068019038248073e-01 0.000000000000000000e+00 7.827061829162541562e-01 1.141660370640355193e+00
1.814287037078212039e+00 0.000000000000000000e+00 5.348464856491078834e+00 1.670730985231648480e-01
9.873265119661843447e-02 0.000000000000000000e+00 2.910609232018718240e-01 3.070094534627304306e+00
1.940214294546777074e+00 0.000000000000000000e+00 5.719694363419303151e+00 1.562294246358858218e-01
