0.000000000000000000e+00
2.733224116876451504e-01
4.475031182292367737e-01
6.552897236450442309e-01
7.187104967927895327e-01
5.128012570814163285e-01
6.532833365630669187e-02
-4.289478674574555006e-01
-6.466813191154697771e-01
-6.822626934402966636e-01
-6.216306749764488604e-01
-4.780474573293937990e-01
-2.840379620167056696e-01
-1.344956040389047036e-01
2.733226874038622300e-01
4.475033825935951226e-01
6.552899530384489468e-01
7.187107092811136910e-01
5.128015155769731770e-01
6.532868509918432487e-02
-4.289474204932435253e-01
-6.466808099176306612e-01
-6.822621694676646031e-01
-6.216301986971713989e-01
-4.780470911512439969e-01
-2.840377444559485376e-01
-1.344955010221539349e-01
2.733227190417809593e-01
4.475034129289093277e-01
6.552899793609118229e-01
7.187107336637503785e-01
5.128015452388534623e-01
6.532872542659529103e-02
-4.289473692049385889e-01
-6.466807514881337537e-01
-6.822621093427878591e-01
-6.216301440450177074e-01
-4.780470491329881222e-01
-2.840377194912597769e-01
-1.344954892011750169e-01
2.733227012550223933e-01
4.475033958744717433e-01
6.552899645624892244e-01
7.187107199558930848e-01
5.128015285630186382e-01
6.532870275462593357e-02
-4.289473980390950958e-01
-6.466807843370503406e-01
-6.822621431448426810e-01
-6.216301747703214531e-01
-4.780470727555461985e-01
-2.840377335263452041e-01
-1.344954958468997097e-01
2.733227614311680709e-01
4.475034535730297303e-01
6.552900146284994509e-01
7.187107663323033524e-01
5.128015849806877302e-01
6.532877945841231160e-02
-4.289473004874028161e-01
-6.466806732026249005e-01
-6.822620287857609211e-01
-6.216300708205012571e-01
-4.780469928357288789e-01
-2.840376860428566741e-01
-1.344954733630898402e-01
2.733224949076150656e-01
4.475031980228527662e-01
6.552897928833082419e-01
7.187105609285596719e-01
5.128013351036402323e-01
6.532843973300400675e-02
-4.289477325493653570e-01
-6.466811654232811346e-01
-6.822625352886031447e-01
-6.216305312201346744e-01
-4.780473468051201769e-01
-2.840378963499130549e-01
-1.344955729451555448e-01
2.733226994113663322e-01
4.475033941067231846e-01
6.552899630285839994e-01
7.187107185350287697e-01
5.128015268345135214e-01
6.532870040460175831e-02
-4.289474010278502281e-01
-6.466807877419485928e-01
-6.822621466485370156e-01
-6.216301779551003381e-01
-4.780470752041020566e-01
-2.840377349811279428e-01
-1.344954965357509358e-01
2.733226783200905508e-01
4.475033738838228303e-01
6.552899454808328583e-01
7.187107022804539724e-01
5.128015070605549397e-01
6.532867352051513476e-02
-4.289474352189672768e-01
-6.466808266937091876e-01
-6.822621867305147525e-01
-6.216302143887120213e-01
-4.780471032153827959e-01
-2.840377516237251321e-01
-1.344955044161532109e-01
2.733226979583862626e-01
4.475033927135655953e-01
6.552899618197176590e-01
7.187107174152493894e-01
5.128015254722835259e-01
6.532869855255435398e-02
-4.289474033832796351e-01
-6.466807904253391026e-01
-6.822621494097883543e-01
-6.216301804650153917e-01
-4.780470771338019564e-01
-2.840377361276381074e-01
-1.344954970786326198e-01
2.733229944695849678e-01
4.475036770167291622e-01
6.552902085143594846e-01
7.187109459298011149e-01
5.128018034640107192e-01
6.532907650184588411e-02
-4.289469227082738367e-01
-6.466802428229410094e-01
-6.822615859182575848e-01
-6.216296682639523841e-01
-4.780466833378791414e-01
-2.840375021580821557e-01
-1.344953862921849375e-01
2.733229024418792341e-01
4.475035887780117738e-01
6.552901319481386766e-01
7.187108750061057538e-01
5.128017171841636745e-01
6.532895919832970577e-02
-4.289470718946053474e-01
-6.466804127814200776e-01
-6.822617608082212071e-01
-6.216298272349758403e-01
-4.780468055596888699e-01
-2.840375747748384305e-01
-1.344954206767972338e-01
2.733227833240003957e-01
4.475034745644847489e-01
6.552900328431383592e-01
7.187107832046196743e-01
5.128016055061392908e-01
6.532880736420637602e-02
-4.289472649968806284e-01
-6.466806327705348911e-01
-6.822619871805005731e-01
-6.216300330022602738e-01
-4.780469637599026322e-01
-2.840376687677714229e-01
-1.344954651831993808e-01
2.733228442290314142e-01
4.475035329619182489e-01
6.552900835155746062e-01
7.187108301427654888e-01
5.128016626071690842e-01
6.532888499706962504e-02
-4.289471662635906402e-01
-6.466805202899904570e-01
-6.822618714362409520e-01
-6.216299277933448053e-01
-4.780468828720542129e-01
-2.840376207091377392e-01
-1.344954424270536908e-01
3.215463743058612905e-02
1.302303397458745016e-01
2.561163512068256320e-01
2.971238374370246405e-01
1.676667427071944216e-01
-1.107464782811116433e-01
-4.153156124383687864e-01
-5.578410092264253217e-01
-5.830419728702687099e-01
-5.307595781833401860e-01
-4.081278993225237461e-01
-2.424907874493427151e-01
-1.148220516353371662e-01
2.733225364361348553e-01
4.475032378415496614e-01
6.552898274346619090e-01
7.187105929336614629e-01
5.128013740383752239e-01
6.532849266751267203e-02
-4.289476652273837010e-01
-6.466810887276381870e-01
-6.822624563675732112e-01
-6.216304594827025687e-01
-4.780472916511770975e-01
-2.840378635807987995e-01
-1.344955574287190481e-01
2.733230848941882729e-01
4.475037637183475470e-01
6.552902837468135289e-01
7.187110156180213094e-01
5.128018882408817980e-01
6.532919176196055888e-02
-4.289467761207353957e-01
-6.466800758251013415e-01
-6.822614140748385347e-01
-6.216295120621693204e-01
-4.780465632451465496e-01
-2.840374308062937891e-01
-1.344953525065450406e-01
2.733226771527508814e-01
4.475033727645451043e-01
6.552899445096167508e-01
7.187107013808113898e-01
5.128015059661248376e-01
6.532867203256048638e-02
-4.289474371113444207e-01
-6.466808288495737855e-01
-6.822621889489336455e-01
-6.216302164052045498e-01
-4.780471047657242623e-01
-2.840377525448436469e-01
-1.344955048523101548e-01
2.733226810281625396e-01
4.475033764803973968e-01
6.552899477339243495e-01
7.187107043675045048e-01
5.128015095994863382e-01
6.532867697237093596e-02
-4.289474308289052962e-01
-6.466808216923912722e-01
-6.822621815840795856e-01
-6.216302097107188063e-01
-4.780470996187978217e-01
-2.840377494868533415e-01
-1.344955034043274211e-01
2.733227041009981262e-01
4.475033986032722066e-01
6.552899669303152708e-01
7.187107221492230469e-01
5.128015312312406149e-01
6.532870638226129234e-02
-4.289473934254770526e-01
-6.466807790810493728e-01
-6.822621377363347062e-01
-6.216301698541099041e-01
-4.780470689758116176e-01
-2.840377312806570131e-01
-1.344954947835484971e-01
2.733226973626543543e-01
4.475033921423612338e-01
6.552899613240741328e-01
7.187107169561322007e-01
5.128015249137597431e-01
6.532869779320205073e-02
-4.289474043490221211e-01
-6.466807915255480266e-01
-6.822621505419206311e-01
-6.216301814940979886e-01
-4.780470779249922919e-01
-2.840377365977153068e-01
-1.344954973012179034e-01
