0.000000000000000000e+00 0.000000000000000000e+00 7.430469330490900859e-01 8.963821664895713637e-01 3.437122473534539591e-01 0.000000000000000000e+00
0.000000000000000000e+00 0.000000000000000000e+00 6.049184917808003714e-01 1.101060389874878087e+00 2.798173068467276758e-01 0.000000000000000000e+00
0.000000000000000000e+00 0.000000000000000000e+00 8.741929701728293756e-01 7.619057885978814948e-01 4.043785449039490887e-01 0.000000000000000000e+00
0.000000000000000000e+00 0.000000000000000000e+00 8.198832478100360754e-01 8.123740351944018778e-01 3.792529575495714456e-01 0.000000000000000000e+00
0.000000000000000000e+00 0.000000000000000000e+00 1.002419847764442595e+00 6.644493385326926127e-01 4.636846506847746574e-01 0.000000000000000000e+00
0.000000000000000000e+00 0.000000000000000000e+00 9.772364929302587155e-01 6.815684151264320700e-01 4.520423257074957513e-01 0.000000000000000000e+00
0.000000000000000000e+00 0.000000000000000000e+00 7.935822711003109875e-01 8.392998887427456367e-01 3.670884977091979362e-01 0.000000000000000000e+00
0.000000000000000000e+00 0.000000000000000000e+00 7.121963681942283797e-01 9.352107041837297574e-01 3.294422875470121026e-01 0.000000000000000000e+00
0.000000000000000000e+00 0.000000000000000000e+00 3.081428527432197861e-01 2.161512166332158813e+00 1.425378020322575212e-01 0.000000000000000000e+00
0.000000000000000000e+00 0.000000000000000000e+00 8.053073610713388231e-01 8.270798186003038843e-01 3.725127730180980978e-01 0.000000000000000000e+00
0.000000000000000000e+00 0.000000000000000000e+00 6.517187232527422713e-01 1.021986797040755235e+00 3.014681940252382786e-01 0.000000000000000000e+00
0.000000000000000000e+00 0.000000000000000000e+00 7.278148794173825431e-01 9.151350797741443222e-01 3.366690753190343943e-01 0.000000000000000000e+00
0.000000000000000000e+00 0.000000000000000000e+00 1.009477692581859820e+00 6.598000967041486309e-01 4.669561814932578492e-01 0.000000000000000000e+00
0.000000000000000000e+00 0.000000000000000000e+00 6.936439517164488811e-01 9.602231309712500051e-01 3.208598264308766268e-01 0.000000000000000000e+00
0.000000000000000000e+00 0.000000000000000000e+00 8.061846662789262652e-01 8.261790342594542702e-01 3.729188158526348662e-01 0.000000000000000000e+00
0.000000000000000000e+00 0.000000000000000000e+00 5.682457439093081542e-01 1.172110863650751567e+00 2.628428083133366178e-01 0.000000000000000000e+00
0.000000000000000000e+00 0.000000000000000000e+00 5.548694442140048588e-01 1.200378442984068483e+00 2.566671026172256953e-01 0.000000000000000000e+00
0.000000000000000000e+00 0.000000000000000000e+00 6.756156641973737331e-01 9.858433596145640410e-01 3.125225149848821493e-01 0.000000000000000000e+00
0.000000000000000000e+00 0.000000000000000000e+00 6.424709403240913552e-01 1.036706363427466693e+00 2.971889743394632299e-01 0.000000000000000000e+00
0.000000000000000000e+00 0.000000000000000000e+00 5.016365817793071447e-01 1.327760623294122144e+00 2.320433816057271836e-01 0.000000000000000000e+00
