0.000000000000000000e+00
-6.927105031283055381e-02
-8.514971264492314507e-02
-1.008538931838104391e-01
-1.047055512713317288e-01
-9.085866564392956757e-02
-5.970439670651438158e-02
-2.421147612361808019e-02
-1.162215193219043319e-02
-1.026065239670875991e-02
-9.178285902772377255e-03
-7.044559982166668025e-03
-4.184309659213693820e-03
-1.981165816530355058e-03
4.028351549424170619e-01
3.862495226889796074e-01
3.351552139523032436e-01
3.104560476875035668e-01
3.776749106991001970e-01
5.134755857116334310e-01
6.530370229124260462e-01
7.439634586092240820e-01
7.655501685209921137e-01
6.958677968183414331e-01
5.350045538660400668e-01
3.178671252664240221e-01
1.505126147695556582e-01
4.028344094502632755e-01
3.862488078904198763e-01
3.351545937095581906e-01
3.104554731533676892e-01
3.776742117688326461e-01
5.134746354668109358e-01
6.530358143933314707e-01
7.439620818204452091e-01
7.655487517835575240e-01
6.958665090360408589e-01
5.350035637794195997e-01
3.178665370172483740e-01
1.505123362288871558e-01
4.028343722726850928e-01
3.862487722435264947e-01
3.351545627781486458e-01
3.104554445014393593e-01
3.776741769132885285e-01
5.134745880782488614e-01
6.530357541246715192e-01
7.439620131602020514e-01
7.655486811310812101e-01
6.958664448145370773e-01
5.350035144039532176e-01
3.178665076813531054e-01
1.505123223381071851e-01
6.566200914413329592e-02
-1.040840671768846100e-02
-1.146636609720896316e-01
-1.504124703050772338e-01
-3.994310523426630039e-02
1.956903455322335228e-01
4.514640821547347693e-01
5.768402576171413054e-01
6.002315491639020895e-01
5.461782416425113862e-01
4.199655799032751546e-01
2.495224334992067750e-01
1.181514000585045937e-01
4.028347795426949762e-01
3.862491627453111254e-01
3.351549016231218925e-01
3.104557583753305705e-01
3.776745587460623721e-01
5.134751072067417210e-01
6.530364143510483110e-01
7.439627653140333807e-01
7.655494551092727473e-01
6.958671483432162796e-01
5.350040552984289821e-01
3.178668290479113034e-01
1.505124745077313086e-01
4.028343002474368828e-01
3.862487031837202323e-01
3.351545028537920579e-01
3.104553889931908062e-01
3.776741093865872423e-01
5.134744962709523186e-01
6.530356373643712020e-01
7.439618801426337580e-01
7.655485442538990659e-01
6.958663203962728305e-01
5.350034187473668990e-01
3.178664508480347761e-01
1.505122954270784463e-01
4.028344295783780060e-01
3.862488271898146808e-01
3.351546104559680050e-01
3.104554886656556434e-01
3.776742306397872784e-01
5.134746611231999491e-01
6.530358470230658297e-01
7.439621189934217949e-01
7.655487900351386488e-01
6.958665438058633246e-01
5.350035905115280155e-01
3.178665528998392276e-01
1.505123437494204075e-01
4.028342798813261405e-01
3.862486836561281889e-01
3.351544859093716355e-01
3.104553732974845714e-01
3.776740902925012633e-01
5.134744703112005260e-01
6.530356043488209083e-01
7.439618425301214311e-01
7.655485055500288460e-01
6.958662852153297829e-01
5.350033916991764338e-01
3.178664347776471999e-01
1.505122878176219370e-01
4.028341780902270908e-01
3.862485860559983775e-01
3.351544012200957656e-01
3.104552948493602971e-01
3.776739948590621121e-01
5.134743405627325563e-01
6.530354393350292774e-01
7.439616545404259540e-01
7.655483121056581020e-01
6.958661093787699148e-01
5.350032565106238591e-01
3.178663544568419153e-01
1.505122497850810981e-01
3.499081540662344891e-01
2.857610377859138295e-01
1.763442493121044619e-01
1.333830679023496890e-01
2.592369401729003320e-01
5.219405243242744019e-01
8.011496723159023947e-01
9.550827417370200134e-01
9.873063272374807964e-01
8.978332580705913335e-01
6.903136449892049997e-01
4.101453535968918596e-01
1.942074574285763411e-01
4.028345130968230547e-01
3.862489072696169146e-01
3.351546799425606515e-01
3.104555530314540013e-01
3.776743089418442834e-01
5.134747675803499334e-01
6.530359824150148151e-01
7.439622732368399438e-01
7.655489487540559912e-01
6.958666880777711894e-01
5.350037014322057694e-01
3.178666188021511685e-01
1.505123749546898315e-01
4.028334108159357663e-01
3.862478503721208378e-01
3.351537628548088010e-01
3.104547035282179679e-01
3.776732755071239844e-01
5.134733625532134083e-01
6.530341955048600822e-01
7.439602375239902088e-01
7.655468539733283340e-01
6.958647839694452886e-01
5.350022374951906023e-01
3.178657490199273683e-01
1.505119631058814134e-01
4.028344439133295096e-01
3.862488409345639084e-01
3.351546223825183635e-01
3.104554997132822902e-01
3.776742440794075839e-01
5.134746793953084421e-01
6.530358702614896815e-01
7.439621454674770762e-01
7.655488172773602384e-01
6.958665685684269908e-01
5.350036095497481270e-01
3.178665642111902501e-01
1.505123491054351781e-01
4.028342973692866091e-01
3.862487004240698907e-01
3.351545004591969801e-01
3.104553867750647345e-01
3.776741066882001729e-01
5.134744926023054878e-01
6.530356326985949922e-01
7.439618748272122106e-01
7.655485387842461131e-01
6.958663154244819626e-01
5.350034149249013327e-01
3.178664485769585046e-01
1.505122943517057388e-01
4.028341508176264130e-01
3.862485599062722152e-01
3.351543785295381106e-01
3.104552738309767079e-01
3.776739692898512524e-01
5.134743057995931892e-01
6.530353951233518472e-01
7.439616041728797091e-01
7.655482602766562339e-01
6.958660622673787932e-01
5.350032202899380751e-01
3.178663329367162338e-01
1.505122395951302428e-01
4.028343673187901874e-01
3.862487674935946025e-01
3.351545586565528034e-01
3.104554406835833280e-01
3.776741722688035652e-01
5.134745817637451637e-01
6.530357460939008041e-01
7.439620040112568944e-01
7.655486717166718469e-01
6.958664362570518014e-01
5.350035078246955234e-01
3.178665037723588105e-01
1.505123204871672560e-01
4.028343678116027560e-01
3.862487679661169571e-01
3.351545590665683805e-01
3.104554410633829087e-01
3.776741727308360885e-01
5.134745823919107943e-01
6.530357468928004172e-01
7.439620049213921948e-01
7.655486726532154673e-01
6.958664371083488343e-01
5.350035084791988638e-01
3.178665041612248610e-01
1.505123206712984107e-01
4.028340769232926499e-01
3.862484890543348981e-01
3.351543170501191660e-01
3.104552168822657388e-01
3.776739000108035871e-01
5.134742116098586218e-01
6.530352753330724846e-01
7.439614677034492862e-01
7.655481198474534121e-01
6.958659346204080220e-01
5.350031221510229695e-01
3.178662746285493279e-01
1.505122119857489338e-01
4.028342974732714854e-01
3.862487005237734694e-01
3.351545005457114423e-01
3.104553868552035745e-01
3.776741067856904110e-01
5.134744927348503518e-01
6.530356328671651500e-01
7.439618750192534824e-01
7.655485389818595943e-01
6.958663156041081654e-01
5.350034150630034180e-01
3.178664486590104254e-01
1.505122943905579658e-01
