0.000000000000000000e+00
2.480796177191763041e-01
2.556612963225654567e-01
4.219161752788759268e-01
6.047846395556828458e-01
6.546024868631727944e-01
5.490405627380124942e-01
3.075104852993658655e-01
-3.772550493393056481e-02
-3.914403310194071173e-01
-5.491628459030022391e-01
-4.547287256464925820e-01
-2.733555101548393873e-01
-1.297631710534057348e-01
2.480803933308858289e-01
2.556620400005908955e-01
4.219168205808195848e-01
6.047852373022869488e-01
6.546032140317914472e-01
5.490415513748581056e-01
3.075117426453435332e-01
-3.772407251979559284e-02
-3.914388570426013958e-01
-5.491615060914070146e-01
-4.547276955581511237e-01
-2.733548981390770960e-01
-1.297628812590692349e-01
2.480801253350137237e-01
2.556617830387135082e-01
4.219165976106722393e-01
6.047850307638598100e-01
6.546029627743829016e-01
5.490412097727517260e-01
3.075113081966011075e-01
-3.772456745955810042e-02
-3.914393663434470039e-01
-5.491619690343623184e-01
-4.547280514829263875e-01
-2.733551096079034903e-01
-1.297629813912423158e-01
2.480802934931665704e-01
2.556619442734158199e-01
4.219167375167380829e-01
6.047851603595887360e-01
6.546031204297280137e-01
5.490414241162742126e-01
3.075115807981806393e-01
-3.772425690195291281e-02
-3.914390467747581592e-01
-5.491616785536485024e-01
-4.547278281524239629e-01
-2.733549769185193434e-01
-1.297629185617623915e-01
2.480798391149973692e-01
2.556615086030210038e-01
4.219163594782013305e-01
6.047848101804922383e-01
6.546026944310723295e-01
5.490408449411605663e-01
3.075108442046552426e-01
-3.772509605600937732e-02
-3.914399102775577566e-01
-5.491624634581725450e-01
-4.547284316111507851e-01
-2.733553354569454585e-01
-1.297630883325619489e-01
2.480809021631614764e-01
2.556625278830936820e-01
4.219172439246814954e-01
6.047856294479456718e-01
6.546036910834636124e-01
5.490421999601355907e-01
3.075125675145495840e-01
-3.772313279888250825e-02
-3.914378900549151385e-01
-5.491606271214605206e-01
-4.547270197790357904e-01
-2.733544966322802861e-01
-1.297626911424040186e-01
2.480795961362609603e-01
2.556612756282674592e-01
4.219161573220851502e-01
6.047846229222124670e-01
6.546024666282814763e-01
5.490405352272554884e-01
3.075104503112506826e-01
-3.772554479366008184e-02
-3.914403720356994798e-01
-5.491628831858845761e-01
-4.547287543107187413e-01
-2.733555271853769786e-01
-1.297631791175008764e-01
2.480787182694154658e-01
2.556604339051807839e-01
4.219154269447910610e-01
6.047839463698612139e-01
6.546016435911695686e-01
5.490394162504552700e-01
3.075090271992302338e-01
-3.772716605448245275e-02
-3.914420403387341985e-01
-5.491643996356289081e-01
-4.547299202038991850e-01
-2.733562198881044347e-01
-1.297635071177578592e-01
2.480793307279339777e-01
2.556610211474001360e-01
4.219159365047519539e-01
6.047844183779486071e-01
6.546022177968053857e-01
5.490401969233748014e-01
3.075100200571837528e-01
-3.772603495469617485e-02
-3.914408764191600332e-01
-5.491633416590478989e-01
-4.547291067989805979e-01
-2.733557366124364507e-01
-1.297632782828810616e-01
2.480800739216938999e-01
2.556617337421960845e-01
4.219165548352540873e-01
6.047849911407636725e-01
6.546029145722318532e-01
5.490411442385396690e-01
3.075112248503465429e-01
-3.772466241063365811e-02
-3.914394640496058342e-01
-5.491620578470518543e-01
-4.547281197648523898e-01
-2.733551501768657355e-01
-1.297630006009689307e-01
2.480800556430428072e-01
2.556617162161182732e-01
4.219165396275812996e-01
6.047849770538160641e-01
6.546028974352273710e-01
5.490411209395773540e-01
3.075111952187820075e-01
-3.772469616798657110e-02
-3.914394987864560083e-01
-5.491620894220634597e-01
-4.547281440406918951e-01
-2.733551646000911828e-01
-1.297630074304810532e-01
2.480798388392824738e-01
2.556615083386579723e-01
4.219163592488089920e-01
6.047848099680049883e-01
6.546026941725779924e-01
5.490408445897194678e-01
3.075108437576931086e-01
-3.772509656520461885e-02
-3.914399108015277351e-01
-5.491624639344495629e-01
-4.547284319773271521e-01
-2.733553356745051510e-01
-1.297630884355781833e-01
2.480818568065520369e-01
2.556634432216619013e-01
4.219180381793682932e-01
6.047863651702638510e-01
6.546045861018174872e-01
5.490434168004935112e-01
3.075141150892091169e-01
-3.772136974570838852e-02
-3.914360758453071520e-01
-5.491589780459397163e-01
-4.547257519190811004e-01
-2.733537433471052158e-01
-1.297623344558757330e-01
2.480814032328306773e-01
2.556630083225939765e-01
4.219176608101248838e-01
6.047860156111373175e-01
6.546041608573653914e-01
5.490428386507729686e-01
3.075133797997759988e-01
-3.772220741409537670e-02
-3.914369378193296445e-01
-5.491597615608398986e-01
-4.547263543094224314e-01
-2.733541012507617052e-01
-1.297625039261068314e-01
2.480801272437870852e-01
2.556617848688983452e-01
4.219165991987544606e-01
6.047850322349088703e-01
6.546029645639382943e-01
5.490412122057780619e-01
3.075113112909180213e-01
-3.772456393440004607e-02
-3.914393627160035471e-01
-5.491619657370980789e-01
-4.547280489478883192e-01
-2.733551081017382978e-01
-1.297629806780610795e-01
2.480797181659838424e-01
2.556613926337513165e-01
4.219162588497134547e-01
6.047847169677916801e-01
6.546025810362821051e-01
5.490406907729734609e-01
3.075106481339231479e-01
-3.772531942689760776e-02
-3.914401401297354921e-01
-5.491626723886059436e-01
-4.547285922432907634e-01
-2.733554308947808709e-01
-1.297631335231369254e-01
2.480805944452854073e-01
2.556622328346568329e-01
4.219169879061852590e-01
6.047853922966583973e-01
6.546034025850047122e-01
5.490418077262038121e-01
3.075120686723725738e-01
-3.772370109798095505e-02
-3.914384748436779971e-01
-5.491611586812259471e-01
-4.547274284585241522e-01
-2.733547394447445322e-01
-1.297628061160391866e-01
2.480853904857973635e-01
2.556668314113595408e-01
4.219209781686144578e-01
6.047890884978552872e-01
6.546078990748215309e-01
5.490479210201424376e-01
3.075198435449953971e-01
-3.771484368113653396e-02
-3.914293604216194655e-01
-5.491528738776194629e-01
-4.547210588468282855e-01
-2.733509550093706775e-01
-1.297610141557568597e-01
2.480809576968970864e-01
2.556625811303800955e-01
4.219172901282484123e-01
6.047856722465541068e-01
6.546037431486777525e-01
5.490422707464537311e-01
3.075126575404197871e-01
-3.772303023814638223e-02
-3.914377845182952509e-01
-5.491605311910587872e-01
-4.547269460247939654e-01
-2.733544528120012695e-01
-1.297626703931529790e-01
2.480800379787700405e-01
2.556616992791234666e-01
4.219165249310657395e-01
6.047849634403559271e-01
6.546028808742281324e-01
5.490410984237350522e-01
3.075111665831876673e-01
-3.772472879069421747e-02
-3.914395323557382511e-01
-5.491621199357821226e-01
-4.547281675005768187e-01
-2.733551785385261446e-01
-1.297630140304409929e-01
