9.334054706852067118e-02 4.115984378271836386e-01 6.256216269051813050e-01 7.573861684602583022e-01 5.979446091342166092e+00 8.915099937838405708e+00 0.000000000000000000e+00 1.134893814855491678e+00 9.959110552975616315e+00
1.606116872130620155e-01 2.768250802101144825e-01 1.130441806573514452e+00 4.181172202611405653e-01 9.961149390774522772e+00 4.889712878622366254e+00 0.000000000000000000e+00 1.094977411749836982e+00 1.000000000000000000e+01
5.905028900360547589e-02 9.067137491868514365e-01 4.808743165736495406e-01 9.235744930374952810e-01 3.659187594736699189e+00 9.916512025044697864e+00 0.000000000000000000e+00 8.693827441739422346e-01 9.366043472712089368e+00
6.195315201587096254e+00 1.287732740219212357e-01 3.183922831903192030e+00 8.726517230366934719e-01 7.556206982344543910e+00 0.000000000000000000e+00 0.000000000000000000e+00 1.000000000000000000e+01 -2.220446049250313081e-16
1.244418106421733144e-01 3.575219688057003631e-01 8.760010327991476498e-01 5.396646033821205224e-01 7.713914476200865344e+00 6.310719956094078320e+00 0.000000000000000000e+00 1.095059150962023331e+00 1.000000000000000000e+01
1.225714823598228698e+00 2.421249289668963300e-01 5.922610453178639434e-01 0.000000000000000000e+00 7.870232062288751607e+00 8.715225926458744610e+00 0.000000000000000000e+00 1.000000000000000000e+01 0.000000000000000000e+00
0.000000000000000000e+00 1.213840710978358189e-01 5.129317226432092980e-01 6.868885903001556992e-01 9.950959309212715098e+00 9.789119560639528927e+00 1.555588267179307781e-02 1.794655227189037149e-03 9.998870611780569462e+00
2.368497170364416871e+00 0.000000000000000000e+00 1.327288928829537085e+00 0.000000000000000000e+00 1.459940732948366016e-01 8.897556683273995404e+00 1.000000000000000000e+01 0.000000000000000000e+00 0.000000000000000000e+00
8.752973053919521629e-02 3.705277833238985186e-01 3.405687644444767015e-01 8.286347488428293939e-01 9.323386311395907455e+00 9.682651326045899509e+00 0.000000000000000000e+00 1.150062895943914976e+00 9.930415111802593842e+00
1.014083116072519442e-01 4.389243656450338427e-01 7.137376448262422457e-01 6.622851127325258824e-01 6.285838864258698422e+00 7.744087644346693722e+00 0.000000000000000000e+00 1.095190106126705976e+00 1.000000000000000000e+01
1.978915985352271492e-02 0.000000000000000000e+00 5.601855251438367933e-01 7.357976982740567218e-01 9.672247597361071314e+00 1.000000000000000000e+01 1.211505648427993118e-02 3.345760671439900608e-02 9.430852254167056969e+00
1.299623368469215556e+00 2.283552898154787847e-01 6.279701601811946698e-01 0.000000000000000000e+00 8.344871310104730711e+00 8.219564320065307683e+00 0.000000000000000000e+00 1.000000000000000000e+01 0.000000000000000000e+00
1.445186896391174695e-02 7.368350586600341812e-02 5.984215099297771623e-01 6.698295735536153872e-01 1.000000000000000000e+01 9.522299923628454010e+00 1.870630643356734416e-02 2.941657416338604517e-02 1.000000000000000000e+01
1.508947191253769415e-01 2.949863834720617417e-01 1.062076528232855255e+00 4.450587283185696852e-01 9.353610328315372868e+00 5.204045117682396082e+00 0.000000000000000000e+00 1.095168841814350369e+00 1.000000000000000000e+01
2.353750416088799202e+00 1.217435183704324991e-01 7.800613704871846021e-01 0.000000000000000000e+00 1.000000000000000000e+01 4.354538802596955804e+00 0.000000000000000000e+00 9.738440140847700377e+00 0.000000000000000000e+00
1.427931608710388267e-01 3.116421619955336286e-01 1.005000447852047119e+00 4.703512948097379742e-01 8.851661639327012665e+00 5.499965323954145724e+00 0.000000000000000000e+00 1.095181616218628751e+00 1.000000000000000000e+01
1.606278753237798118e-01 2.769984713480955207e-01 1.130581375722090609e+00 4.181167383960691653e-01 9.957647166417540774e+00 4.889219903497165731e+00 0.000000000000000000e+00 1.095201864693448046e+00 1.000000000000000000e+01
9.719631850253447614e-02 4.582828479920278975e-01 6.838266131389717506e-01 6.914207989259902876e-01 6.019928828684371069e+00 8.083807409561325485e+00 0.000000000000000000e+00 1.095791178210047345e+00 1.000000000000000000e+01
1.170826389404839157e-01 3.801660755390636193e-01 8.240695543544124257e-01 5.736246965846134582e-01 7.257144743859490710e+00 6.707412098677381529e+00 0.000000000000000000e+00 1.095178053693657727e+00 1.000000000000000000e+01
1.031797450154684936e+00 2.931827971180060999e-01 5.585836406931350417e-01 5.458629637257292333e-02 7.374503719637238497e+00 9.997079496135679477e+00 0.000000000000000000e+00 9.943012110542838400e+00 0.000000000000000000e+00
