1.498583025998852791e-01 0.000000000000000000e+00 4.417779470082825455e-01 2.022699831240807544e+00
2.130916256520460905e+00 0.000000000000000000e+00 6.281878428446454166e+00 1.422479911883357540e-01
1.519251974114685932e-01 0.000000000000000000e+00 4.478707978543658985e-01 1.995184367250828039e+00
8.568686774354819513e-02 0.000000000000000000e+00 2.526023085030414950e-01 3.537515338720897962e+00
4.921670099515730590e-02 0.000000000000000000e+00 1.450893647922144314e-01 6.158856888747273217e+00
1.346238079289518774e+00 0.000000000000000000e+00 3.968639946484888270e+00 2.251617844009924096e-01
1.654053125813151670e+00 0.000000000000000000e+00 4.876093206208063968e+00 1.832584304651038165e-01
4.982603934587411243e-01 0.000000000000000000e+00 1.468857663126721391e+00 6.083533398923589575e-01
3.785756997965021298e-01 0.000000000000000000e+00 1.116028308244596534e+00 8.006834259387991537e-01
4.089465698539535232e+00 3.338053115718471742e-01 5.416079360379152163e+00 4.088217428589600577e-01
2.855257445556868223e+00 0.000000000000000000e+00 8.417215083460202862e+00 1.061615476733258207e-01
1.599598021723324548e+00 0.000000000000000000e+00 4.715567802287417010e+00 1.894967143127062048e-01
1.438064856001277203e+00 0.000000000000000000e+00 4.239368469172430487e+00 2.107825920113725326e-01
3.434472213656258877e-01 0.000000000000000000e+00 1.012473584962076734e+00 8.825758664804029818e-01
4.946895602899330502e-01 0.000000000000000000e+00 1.458330085330660886e+00 6.127451200420158672e-01
6.188350081865273689e-02 0.000000000000000000e+00 1.824308033992473599e-01 4.898210579413173171e+00
8.572158614476070582e-02 0.000000000000000000e+00 2.527047338804522814e-01 3.536081849674882704e+00
2.656222690113175577e+00 0.000000000000000000e+00 7.830442006494167551e+00 1.141170900058325888e-01
3.039403122836302137e-02 0.000000000000000000e+00 8.960072825682321995e-02 9.972960135986129515e+00
5.624260238389792305e-02 4.702740975625191444e-01 1.345475529624598487e-01 6.731793440497159331e+00
