1.384867792657795693e-01 0.000000000000000000e+00 4.082561608802507958e-01 2.188778825655563143e+00
3.487045687162736163e-02 0.000000000000000000e+00 1.027970953571000490e-01 8.692702020817183239e+00
1.446443030441173061e+00 0.000000000000000000e+00 4.264064758774554598e+00 2.095617200764918198e-01
2.977492145335227658e-01 0.000000000000000000e+00 8.777559020853595850e-01 1.018033380432245893e+00
1.246927545518089708e+00 0.000000000000000000e+00 3.675905364462398683e+00 2.430923868136371235e-01
1.160635059660986235e+00 0.000000000000000000e+00 3.421523342926405142e+00 2.611657559247724802e-01
2.884264164538737352e-01 0.000000000000000000e+00 8.502711097706978638e-01 1.050941003012571651e+00
7.962164752752350083e-02 0.000000000000000000e+00 2.347221980961248511e-01 3.806989761947705553e+00
2.101651594199806794e-01 0.000000000000000000e+00 6.195584658773112263e-01 1.442293683326663523e+00
2.355636328107002964e+00 0.000000000000000000e+00 6.944353662890867973e+00 1.286778627241194073e-01
4.341473057258221635e-01 0.000000000000000000e+00 1.279851099051835916e+00 6.981936609184694609e-01
7.182726724952849529e-02 5.639992677681799904e-01 9.702800878066944468e-02 9.600949142496471467e+00
2.265280929208647043e-01 0.000000000000000000e+00 6.677994394629424013e-01 1.338104278842134010e+00
1.957517890327060694e-01 0.000000000000000000e+00 5.770695787977963009e-01 1.548486282340070685e+00
4.228776120993115728e-01 0.000000000000000000e+00 1.246632064321081756e+00 7.167989956231340942e-01
7.575242768340977040e-02 7.785713447889095473e-01 1.332666205392182557e-01 6.917643453180364332e+00
3.050255586831721821e+00 0.000000000000000000e+00 8.992063970369644110e+00 9.937479886714614685e-02
3.835200397365331332e-02 0.000000000000000000e+00 1.130606049661019713e-01 7.903588094744031345e+00
4.080887873223482121e-01 0.000000000000000000e+00 1.203033555345797589e+00 7.427761884063288633e-01
9.316054498054828770e-01 0.000000000000000000e+00 2.746347372119160024e+00 3.253720857710724057e-01
