0.000000000000000000e+00
2.354143219752011795e-01
2.435174593813123622e-01
4.113787635044544033e-01
5.950237792851089669e-01
6.427282390960750158e-01
5.328966883254671050e-01
2.869787443987157349e-01
-6.111600874272371531e-02
-4.155095294798898387e-01
-5.710412031845866210e-01
-4.715494792871608998e-01
-2.833493776199614844e-01
-1.344953468723903145e-01
2.354139159716355234e-01
2.435170700938295574e-01
4.113784257131511968e-01
5.950234663872380203e-01
6.427278584506459502e-01
5.328961708112527340e-01
2.869780862253746845e-01
-6.111675855766229848e-02
-4.155103010513238049e-01
-5.710419045255776815e-01
-4.715500184996747057e-01
-2.833496979872002774e-01
-1.344954985688287530e-01
2.354139899368158928e-01
2.435171410136965364e-01
4.113784872515138802e-01
5.950235233905488696e-01
6.427279277961153170e-01
5.328962650912922872e-01
2.869782061305036214e-01
-6.111662195739098191e-02
-4.155101604874836818e-01
-5.710417767562245839e-01
-4.715499202666683098e-01
-2.833496396231300896e-01
-1.344954709329768128e-01
2.354138403055747175e-01
2.435169975431112355e-01
4.113783627596714343e-01
5.950234080730966157e-01
6.427277875105296134e-01
5.328960743631787622e-01
2.869779635629444714e-01
-6.111689829915101235e-02
-4.155104448475264167e-01
-5.710420352330751737e-01
-4.715501189916168068e-01
-2.833497576933925455e-01
-1.344955268401862025e-01
2.354139078958534803e-01
2.435170623505456544e-01
4.113784189941734892e-01
5.950234601634133424e-01
6.427278508792604317e-01
5.328961605174220573e-01
2.869780731337053803e-01
-6.111677347216681877e-02
-4.155103163985848225e-01
-5.710419184758911415e-01
-4.715500292251044723e-01
-2.833497043595974985e-01
-1.344955015862095704e-01
2.354137317326860379e-01
2.435168934404133290e-01
4.113782724280077296e-01
5.950233243983986675e-01
6.427276857188772841e-01
5.328959359702729603e-01
2.869777875551777768e-01
-6.111709881358173835e-02
-4.155106511800478186e-01
-5.710422227846726484e-01
-4.715502631870506223e-01
-2.833498433655380899e-01
-1.344955674066292406e-01
2.354139948393997872e-01
2.435171457144300611e-01
4.113784913304194824e-01
5.950235271688607552e-01
6.427279323924939280e-01
5.328962713403921914e-01
2.869782140780940960e-01
-6.111661290320780093e-02
-4.155101511705858730e-01
-5.710417682873751843e-01
-4.715499137555565490e-01
-2.833496357546239630e-01
-1.344954691012083536e-01
2.354138045312478278e-01
2.435169632416940289e-01
4.113783329957542700e-01
5.950233805026226008e-01
6.427277539705925635e-01
5.328960287632770187e-01
2.869779055690985237e-01
-6.111696436784352926e-02
-4.155105128332562403e-01
-5.710420970305666311e-01
-4.715501665034280143e-01
-2.833497859220173720e-01
-1.344955402066648209e-01
2.354140008030287112e-01
2.435171514325228936e-01
4.113784962921049337e-01
5.950235317648961963e-01
6.427279379836470241e-01
5.328962789419577906e-01
2.869782237457469964e-01
-6.111660188946710370e-02
-4.155101398372723631e-01
-5.710417579856494896e-01
-4.715499058352731199e-01
-2.833496310488738956e-01
-1.344954668729982095e-01
2.354138211720422924e-01
2.435169791973494369e-01
4.113783468407450905e-01
5.950233933273110232e-01
6.427277695720376993e-01
5.328960499745382107e-01
2.869779325455298347e-01
-6.111693363531467416e-02
-4.155104812089979172e-01
-5.710420682848307283e-01
-4.715501444028225020e-01
-2.833497727911835073e-01
-1.344955339891104329e-01
2.354142674721013684e-01
2.435174071222281356e-01
4.113787181583670738e-01
5.950237372807885006e-01
6.427281879971251666e-01
5.328966188528533321e-01
2.869786560436116130e-01
-6.111610940006251269e-02
-4.155096330578837982e-01
-5.710412973346417065e-01
-4.715495516726174730e-01
-2.833494206269916438e-01
-1.344953672365615527e-01
2.963574673124942938e-01
3.013931469633889249e-01
4.553216766062350152e-01
6.290158732843955658e-01
6.866253539707791731e-01
6.032738891549463967e-01
3.887432697155254746e-01
6.699192419914490326e-02
-2.726219401245246754e-01
-4.350937077486948246e-01
-3.660087818659696346e-01
-2.205436521046483245e-01
-1.047460719926653766e-01
2.354135287851484848e-01
2.435166988486838213e-01
4.113781035774877748e-01
5.950231679912687532e-01
6.427274954470199031e-01
5.328956772823099097e-01
2.869774585564444092e-01
-6.111747362086983326e-02
-4.155110368626767636e-01
-5.710425733614634680e-01
-4.715505327212643483e-01
-2.833500035063538647e-01
-1.344956432345806030e-01
2.354141228379094675e-01
2.435172684429522394e-01
4.113785978240245833e-01
5.950236258144503410e-01
6.427280523964835623e-01
5.328964344942503928e-01
2.869784215767808844e-01
-6.111637651317880504e-02
-4.155099079215064384e-01
-5.710415471794608733e-01
-4.715497437609948994e-01
-2.833495347542077658e-01
-1.344954212767071056e-01
2.354138112736573474e-01
2.435169697065033834e-01
4.113783386053781466e-01
5.950233856988469405e-01
6.427277602918852750e-01
5.328960373575186704e-01
2.869779164992346532e-01
-6.111695191583610409e-02
-4.155105000199436072e-01
-5.710420853835551647e-01
-4.715501575488474928e-01
-2.833497806017509779e-01
-1.344955376874763242e-01
2.601315152220189941e-01
2.660826662639582119e-01
4.182059132730587270e-01
5.877095723329393007e-01
6.390016100527586840e-01
5.495619560708151496e-01
3.330811068805643038e-01
1.614054362043082502e-02
-3.135347621303691268e-01
-4.660238636778254451e-01
-3.887363357206049530e-01
-2.339439364706910884e-01
-1.110806233967705364e-01
2.354139162203412461e-01
2.435170703322955266e-01
4.113784259200721771e-01
5.950234665789100319e-01
6.427278586838179875e-01
5.328961711282667046e-01
2.869780866285521759e-01
-6.111675809834782314e-02
-4.155103005786819903e-01
-5.710419040959570092e-01
-4.715500181693691450e-01
-2.833496977909528702e-01
-1.344954984759040018e-01
2.354139295144089816e-01
2.435170830790164831e-01
4.113784369806165464e-01
5.950234768243507499e-01
6.427278711475659101e-01
5.328961880736080570e-01
2.869781081795969024e-01
-6.111673354661617541e-02
-4.155102753145617500e-01
-5.710418811314427190e-01
-4.715500005135445649e-01
-2.833496873009371253e-01
-1.344954935087980530e-01
2.354138909487646925e-01
2.435170461012068355e-01
4.113784048943485150e-01
5.950234471026709659e-01
6.427278349906514476e-01
5.328961389157415018e-01
2.869780456607397001e-01
-6.111680477036562920e-02
-4.155103486049265271e-01
-5.710419477507275854e-01
-4.715500517324986984e-01
-2.833497177321205318e-01
-1.344955079182056923e-01
2.354137907659271667e-01
2.435169500431226819e-01
4.113783215431316420e-01
5.950233698939977334e-01
6.427277410650251710e-01
5.328960112172510533e-01
2.869778832541045599e-01
-6.111698978989377196e-02
-4.155105389929482085e-01
-5.710421208091353007e-01
-4.715501847851225059e-01
-2.833497967838869425e-01
-1.344955453498465348e-01
