0.000000000000000000e+00
4.786403237499023966e-01
5.396484058388916205e-01
6.287969854002734005e-01
7.262110296299325585e-01
8.196897875034272474e-01
8.784093030237530852e-01
8.959905484679768772e-01
8.536052360767024672e-01
7.509681938538984580e-01
5.929278898816532362e-01
3.947802850458125290e-01
1.629322678806811309e-01
-2.473782538570113571e-02
-1.533373679749451268e-01
-2.359925109878858451e-01
-2.848770432189139390e-01
-3.176137724620823333e-01
-3.318548239895375840e-01
-3.227290652007289706e-01
-2.946859587142106052e-01
-2.537304163316433381e-01
-2.012413125161335858e-01
-1.512997396824797558e-01
-1.067544225862850776e-01
-7.169819710505148658e-02
4.786389761453219704e-01
5.396468674870105176e-01
6.287953251265072652e-01
7.262094014734121750e-01
8.196883624365379761e-01
8.784081407056297808e-01
8.959896423120505826e-01
8.536045534353333686e-01
7.509676640199105524e-01
5.929274728564730701e-01
3.947799424729001583e-01
1.629319292527344198e-01
-2.473831299077025939e-02
-1.533382122301153450e-01
-2.359939190737258830e-01
-2.848790317089247570e-01
-3.176162858651826459e-01
-3.318576675668728493e-01
-3.227319512213201458e-01
-2.946886366423665526e-01
-2.537327366209284896e-01
-2.012431575775696924e-01
-1.513011281880639880e-01
-1.067554027417852297e-01
-7.169885559364208572e-02
4.786406578689649249e-01
5.396489444301187932e-01
6.287977363669070563e-01
7.262119107871570778e-01
8.196906832123879161e-01
8.784101147863485615e-01
8.959911996588469929e-01
8.536056229693965713e-01
7.509682465832004938e-01
5.929275363405367427e-01
3.947794934221088847e-01
1.629310458752150637e-01
-2.473928509859179767e-02
-1.533388247779007563e-01
-2.359937374038278968e-01
-2.848779414140632515e-01
-3.176143172064463949e-01
-3.318550820496952714e-01
-3.227291474624184309e-01
-2.946859745581811296e-01
-2.537304098164206989e-01
-2.012413007353097694e-01
-1.512997289808214740e-01
-1.067544144088658081e-01
-7.169819133626008367e-02
4.786391446874868616e-01
5.396470731080532657e-01
6.287955611873481399e-01
7.262096448580153130e-01
8.196885854682096628e-01
8.784083289233004521e-01
8.959897900709513641e-01
8.536046555990955964e-01
7.509677222981917533e-01
5.929274855309738523e-01
3.947799110007358947e-01
1.629318617744304754e-01
-2.473838432202411786e-02
-1.533382455148009083e-01
-2.359938735359188022e-01
-2.848788974695825593e-01
-3.176160666766627561e-01
-3.318573895527392459e-01
-3.227316539981099353e-01
-2.946883557797432274e-01
-2.537324915707896977e-01
-2.012429621638981148e-01
-1.513009809751179879e-01
-1.067552987709420725e-01
-7.169878572083991652e-02
-5.497459090364632123e-02
-3.348557826395449910e-02
-6.356887287855282447e-03
1.679386020197802185e-02
3.146141322640446519e-02
3.355588090504404292e-02
2.239455105573289612e-02
-8.335765085606740635e-03
-5.520711544751417260e-02
-1.165078812527683971e-01
-1.851884361444093297e-01
-2.565625901103410489e-01
-3.052367354265255184e-01
-3.269398928268698601e-01
-3.236186487824278535e-01
-3.046004956544089426e-01
-2.773293565563662577e-01
-2.484987040215361209e-01
-2.194906334360883227e-01
-1.926501621980751255e-01
-1.632354700255515823e-01
-1.286007316078867369e-01
-9.644447682335494099e-02
-6.796735193998520996e-02
-4.561177680127495582e-02
2.377230497068434922e-01
2.680867505848782972e-01
3.293342025507363102e-01
4.139073646783780758e-01
5.133914565954390552e-01
5.901743692276788522e-01
6.317451046598104858e-01
6.194412232867035906e-01
5.491139875540332893e-01
4.282078375502704759e-01
2.698864415202701372e-01
7.619209277169644579e-02
-9.660041303513799971e-02
-2.420504749335443406e-01
-3.709369997050088186e-01
-4.729661631136216071e-01
-5.551410570150301371e-01
-6.007804800840815806e-01
-5.958227683912096229e-01
-5.481467005812016291e-01
-4.733612535750870709e-01
-3.758951406271469065e-01
-2.827376817664902231e-01
-1.995379400309753859e-01
-1.340323167736597598e-01
4.786392366111594798e-01
5.396471088228715907e-01
6.287955206784866524e-01
7.262095320684673894e-01
8.196884166695799223e-01
8.784081382926718362e-01
8.959896162966097810e-01
8.536045563072337528e-01
7.509677479827021607e-01
5.929276809368518864e-01
3.947803014156747725e-01
1.629324610835031217e-01
-2.473763356022518414e-02
-1.533374118942580910e-01
-2.359930188622681169e-01
-2.848780644591306643e-01
-3.176152793094152993e-01
-3.318566599737345912e-01
-3.227309944014664089e-01
-2.946877709738086604e-01
-2.537319939798940438e-01
-2.012425694580434743e-01
-1.513006862699180777e-01
-1.067550910170385614e-01
-7.169864627131670998e-02
4.786384201435284202e-01
5.396462845179157419e-01
6.287947119390745465e-01
7.262087617548640406e-01
8.196877027601301435e-01
8.784074708846273394e-01
8.959889686678442766e-01
8.536038824258054269e-01
7.509670039159903610e-01
5.929268344901297283e-01
3.947793376551680389e-01
1.629313696299345138e-01
-2.473883697638167359e-02
-1.533387191259784899e-01
-2.359944214716513944e-01
-2.848795293027697739e-01
-3.176167708108263987e-01
-3.318581301427424024e-01
-3.227323777582366549e-01
-2.946890179903242091e-01
-2.537330622108481260e-01
-2.012434149076450796e-01
-1.513013214043501531e-01
-1.067555389857328535e-01
-7.169894705942600477e-02
4.309274811825547502e-02
6.758383666627695852e-02
1.169451732669870014e-01
1.837283958908163262e-01
2.606197169142601133e-01
3.180856242966821346e-01
3.455261632558516149e-01
3.265594149270162894e-01
2.595193936394317724e-01
1.512475892865732530e-01
1.438657527191978397e-02
-1.479919614116934345e-01
-2.889469995771539734e-01
-4.040924202025643064e-01
-5.010475929789197647e-01
-5.721468894695499463e-01
-6.235675768130135577e-01
-6.442800465780393893e-01
-6.230712007069918457e-01
-5.677521353759835687e-01
-4.884489343381708815e-01
-3.872733223952228299e-01
-2.911280157270227376e-01
-2.054022156700130164e-01
-1.379462064754553574e-01
4.786394549453149572e-01
5.396474097819506932e-01
6.287959419763186064e-01
7.262100805523419300e-01
8.196890811793142717e-01
8.784088686186254380e-01
8.959903522741370363e-01
8.536052085833198966e-01
7.509682317444803523e-01
5.929279202743593657e-01
3.947802468982945512e-01
1.629320760961381620e-01
-2.473827596807639043e-02
-1.533382208265477165e-01
-2.359939180209836285e-01
-2.848789961488890632e-01
-3.176162112601625398e-01
-3.318575640080078104e-01
-3.227318363112964272e-01
-2.946885266941720039e-01
-2.537326402423049077e-01
-2.012430805755003049e-01
-1.513010701390623824e-01
-1.067553617304191210e-01
-7.169882802631098728e-02
4.786387940116361150e-01
5.396467068658865607e-01
6.287951782965099934e-01
7.262092480817974316e-01
8.196881790192253048e-01
8.784079179864675568e-01
8.959893772701137404e-01
8.536042429295889189e-01
7.509673129472934638e-01
5.929270845706984261e-01
3.947795247368201532e-01
1.629314966477381499e-01
-2.473873296782460457e-02
-1.533385877329946634e-01
-2.359942159290347174e-01
-2.848792385451339726e-01
-3.176164006126521167e-01
-3.318577091908195831e-01
-3.227319493738561862e-01
-2.946886200976220893e-01
-2.537327173235510158e-01
-2.012431406146564794e-01
-1.513011149724380888e-01
-1.067553932599866889e-01
-7.169884915610033604e-02
4.786390592712505554e-01
5.396469779598598304e-01
6.287954567288280838e-01
7.262095352794373238e-01
8.196884761926470642e-01
8.784082238563248879e-01
8.959896913875753377e-01
8.536045656934170278e-01
7.509676425443044812e-01
5.929274180443141473e-01
3.947798571940140389e-01
1.629318217900997678e-01
-2.473841757329162117e-02
-1.533382818292982896e-01
-2.359939217875295092e-01
-2.848789598684500213e-01
-3.176161421389030459e-01
-3.318574729990234617e-01
-3.227317377464417603e-01
-2.946884331745106000e-01
-2.537325585242243275e-01
-2.012430153700139890e-01
-1.513010210059538285e-01
-1.067553270257293047e-01
-7.169880470154672836e-02
4.786392819711658420e-01
5.396472220113563978e-01
6.287957173078556616e-01
7.262097990732796493e-01
8.196887278509288333e-01
8.784084563250760258e-01
8.959899036920225823e-01
8.536047588443622658e-01
7.509678203205506497e-01
5.929275812349750208e-01
3.947800063652556202e-01
1.629319602233270103e-01
-2.473827515328387919e-02
-1.533381143423242776e-01
-2.359937094482684738e-01
-2.848787011476127118e-01
-3.176158430184292114e-01
-3.318571512449949856e-01
-3.227314194994791996e-01
-2.946881406670295855e-01
-2.537323060155488585e-01
-2.012428148832848540e-01
-1.513008702139306272e-01
-1.067552206093971001e-01
-7.169873322158169804e-02
4.786390244687633855e-01
5.396471190051604916e-01
6.287956604876017153e-01
7.262095916079607250e-01
8.196881616555435901e-01
8.784074896551085088e-01
8.959885727108531928e-01
8.536031374856017928e-01
7.509660410021744559e-01
5.929257435452486291e-01
3.947782097918024480e-01
1.629303467806494932e-01
-2.473953678149664465e-02
-1.533388154705773443e-01
-2.359936188936246904e-01
-2.848777984730257451e-01
-3.176141764256010247e-01
-3.318549517294042683e-01
-3.227290305372876866e-01
-2.946858713195542601e-01
-2.537303221315200807e-01
-2.012412315849844147e-01
-1.512996771011834440e-01
-1.067543778406007116e-01
-7.169816679260460068e-02
4.786388198451442810e-01
5.396466384565687946e-01
6.287950861689344251e-01
7.262092561866415608e-01
8.196884170844834783e-01
8.784084090558690328e-01
8.959900939307775536e-01
8.536051310844167128e-01
7.509682832396513685e-01
5.929280697469084815e-01
3.947804608674435056e-01
1.629322948131877724e-01
-2.473817192790024599e-02
-1.533383883519282842e-01
-2.359945166453802368e-01
-2.848800454534025084e-01
-3.176176779335641576e-01
-3.318593076524085084e-01
-3.227336481082234698e-01
-2.946902220213563073e-01
-2.537341138976949573e-01
-2.012442539510777562e-01
-1.513019535957912942e-01
-1.067559855144808029e-01
-7.169924716171467705e-02
4.786389655644106012e-01
5.396468323434371328e-01
6.287952628057603688e-01
7.262093202200490261e-01
8.196882748505682770e-01
8.784080593760876798e-01
8.959895782269146070e-01
8.536045220230159547e-01
7.509676767048202306e-01
5.929275406674540116e-01
3.947800706461115361e-01
1.629321181086602899e-01
-2.473808739592880945e-02
-1.533379793425729554e-01
-2.359937065536311107e-01
-2.848788531372714039e-01
-3.176161461715828471e-01
-3.318575616859937849e-01
-3.227318699159217319e-01
-2.946885700054691637e-01
-2.537326818305740694e-01
-2.012431149699254185e-01
-1.513010963908700823e-01
-1.067553803866393980e-01
-7.169884061503847827e-02
4.786352372517501119e-01
5.396426195276542437e-01
6.287908727862649982e-01
7.262052923287163342e-01
8.196851719645188439e-01
8.784059883463078977e-01
8.959884032801270770e-01
8.536039655181089092e-01
7.509673362664560647e-01
5.929271331347514273e-01
3.947793647323606381e-01
1.629307947480248264e-01
-2.474041589882109218e-02
-1.533418490219131403e-01
-2.359996833617697687e-01
-2.848868917366972897e-01
-3.176260053667215311e-01
-3.318685296692512887e-01
-3.227429075385518376e-01
-2.946987800364311294e-01
-2.537415176782151782e-01
-2.012501376470601511e-01
-1.513063803605950719e-01
-1.067591100498950646e-01
-7.170134613525476486e-02
4.786389164894443993e-01
5.396468004826074916e-01
6.287952521343908030e-01
7.262093268883339503e-01
8.196882914568922596e-01
8.784080759838325259e-01
8.959895846345633519e-01
8.536045032244569120e-01
7.509676206255196940e-01
5.929274364711540901e-01
3.947799130346547614e-01
1.629319056230055240e-01
-2.473833638162399248e-02
-1.533382430291596321e-01
-2.359939645286598109e-01
-2.848790930061182447e-01
-3.176163615773416327e-01
-3.318577522134010804e-01
-3.227320366343041647e-01
-2.946887157305818072e-01
-2.537328050913382760e-01
-2.012432120061687923e-01
-1.513011691433986394e-01
-1.067554316507189627e-01
-7.169887501449866141e-02
4.786380877593481853e-01
5.396460374628155865e-01
6.287944560522279458e-01
7.262083475050059578e-01
8.196869784820578486e-01
8.784064230622389280e-01
8.959876451264762176e-01
8.536023690185891022e-01
7.509654290982200608e-01
5.929252994399588639e-01
3.947779348224528806e-01
1.629302191131404565e-01
-2.473963393735039221e-02
-1.533390382646263039e-01
-2.359941160878660515e-01
-2.848786031331201896e-01
-3.176152697725573848e-01
-3.318562357445449251e-01
-3.227303574398077690e-01
-2.946871105493439336e-01
-2.537313985405696970e-01
-2.012420884037679769e-01
-1.513003221451877378e-01
-1.067548332639216419e-01
-7.169847279168758969e-02
4.786389513508476634e-01
5.396469035878043163e-01
6.287954009460059446e-01
7.262094646195603742e-01
8.196883533723855475e-01
8.784080366788964422e-01
8.959894396537764205e-01
8.536042522229212448e-01
7.509672814060213142e-01
5.929270190255703232e-01
3.947794335850752789e-01
1.629313960293215791e-01
-2.473880781920432398e-02
-1.533385909824609705e-01
-2.359941011676059130e-01
-2.848789984725761948e-01
-3.176160431549084340e-01
-3.318572722717347823e-01
-3.227314896786321885e-01
-2.946881880802854625e-01
-2.537323411728493183e-01
-2.012428409083918124e-01
-1.513008892617795087e-01
-1.067552338729701178e-01
-7.169874205175437443e-02
