0.000000000000000000e+00
2.354140175786799682e-01
2.435171675174827022e-01
4.113785102492953927e-01
5.950235446935154826e-01
6.427279537115261343e-01
5.328963003251148134e-01
2.869782509407949878e-01
-6.111657090788213953e-02
-4.155101079567313782e-01
-5.710417290069584872e-01
-4.715498835555645418e-01
-2.833496178116278741e-01
-1.344954606050568491e-01
2.354139064822772798e-01
2.435170609951695653e-01
4.113784178180908135e-01
5.950234590740017815e-01
6.427278495539732184e-01
5.328961587156009205e-01
2.869780708421535431e-01
-6.111677608278553997e-02
-4.155103190849528394e-01
-5.710419209177389765e-01
-4.715500311024721225e-01
-2.833497054750150901e-01
-1.344955021143686702e-01
2.354138763223933006e-01
2.435170320770360664e-01
4.113783927253394923e-01
5.950234358304534732e-01
6.427278212778126942e-01
5.328961202721734791e-01
2.869780219498944129e-01
-6.111683178262039551e-02
-4.155103764009641099e-01
-5.710419730166973462e-01
-4.715500711577529924e-01
-2.833497292734236672e-01
-1.344955133831046423e-01
2.354139395666646206e-01
2.435170927173980759e-01
4.113784453440025857e-01
5.950234845713994192e-01
6.427278805719787158e-01
5.328962008867594857e-01
2.869781244753322191e-01
-6.111671498192350338e-02
-4.155102562111993025e-01
-5.710418637669181230e-01
-4.715499871631642637e-01
-2.833496793689541104e-01
-1.344954897529409554e-01
2.354139046247756828e-01
2.435170592141455148e-01
4.113784162726662474e-01
5.950234576424667798e-01
6.427278478124873740e-01
5.328961563479284180e-01
2.869780678309533650e-01
-6.111677951325411584e-02
-4.155103226149593487e-01
-5.710419241264348411e-01
-4.715500335694162715e-01
-2.833497069407230340e-01
-1.344955028083930637e-01
2.354140930399533649e-01
2.435172398718452591e-01
4.113785730323938905e-01
5.950236028498319119e-01
6.427280244596456082e-01
5.328963965121558122e-01
2.869783732712437585e-01
-6.111643154459867056e-02
-4.155099645497078997e-01
-5.710415986532159094e-01
-4.715497833356002144e-01
-2.833495582670282342e-01
-1.344954324102147769e-01
2.354138366623454437e-01
2.435169940498818630e-01
4.113783597285375349e-01
5.950234052653412542e-01
6.427277840948487642e-01
5.328960697193205753e-01
2.869779576568968205e-01
-6.111690502753464038e-02
-4.155104517711396550e-01
-5.710420415264830796e-01
-4.715501238301822995e-01
-2.833497605681735143e-01
-1.344955282014178577e-01
2.354139053062089260e-01
2.435170598675226450e-01
4.113784168396125707e-01
5.950234581676321355e-01
6.427278484513596624e-01
5.328961572165202831e-01
2.869780689356263848e-01
-6.111677825477057624e-02
-4.155103213199597967e-01
-5.710419229493095550e-01
-4.715500326644060936e-01
-2.833497064030211510e-01
-1.344955025537869220e-01
2.354137935250700253e-01
2.435169526886654112e-01
4.113783238387136443e-01
5.950233720204074483e-01
6.427277436518377129e-01
5.328960147342044484e-01
2.869778877269576478e-01
-6.111698469425741465e-02
-4.155105337494576778e-01
-5.710421160429208776e-01
-4.715501811207103988e-01
-2.833497946067164985e-01
-1.344955443189389810e-01
9.563972169876749918e-02
1.023158467398892491e-01
2.081111268167366579e-01
3.203869030367160198e-01
3.413689906490200987e-01
2.607706669525171050e-01
9.858875458912200185e-02
-1.191293040488226040e-01
-3.328982671853022435e-01
-4.179176809777873092e-01
-3.407010630847544519e-01
-2.043224866279650942e-01
-9.694345174287938294e-02
2.354139072334395788e-01
2.435170617154048256e-01
4.113784184430510638e-01
5.950234596529058173e-01
6.427278502582194353e-01
5.328961596730732442e-01
2.869780720598645862e-01
-6.111677469552501130e-02
-4.155103176574399537e-01
-5.710419196201618197e-01
-4.715500301048550225e-01
-2.833497048822916642e-01
-1.344955018337094244e-01
2.354139029477085865e-01
2.435170576061270742e-01
4.113784148773615978e-01
5.950234563499887663e-01
6.427278462401663228e-01
5.328961542102477189e-01
2.869780651122559867e-01
-6.111678261049280358e-02
-4.155103258020668155e-01
-5.710419270234436961e-01
-4.715500357967256084e-01
-2.833497082640546449e-01
-1.344955034350011069e-01
2.354138431211487692e-01
2.435170002427616831e-01
4.113783651022036025e-01
5.950234102429965422e-01
6.427277901502487234e-01
5.328960779520623969e-01
2.869779681272782712e-01
-6.111689309929646541e-02
-4.155104394967938930e-01
-5.710420303693802824e-01
-4.715501152522586503e-01
-2.833497554716936651e-01
-1.344955257881940980e-01
2.354137497610068741e-01
2.435169107264675281e-01
4.113782874274080070e-01
5.950233382924224879e-01
6.427277026211868360e-01
5.328959589501507388e-01
2.869778167809312608e-01
-6.111706551854334535e-02
-4.155106169189266563e-01
-5.710421916420880262e-01
-4.715502392436740631e-01
-2.833498291398419133e-01
-1.344955606706488282e-01
2.354138997588535176e-01
2.435170545485643712e-01
4.113784122242629682e-01
5.950234538924094041e-01
6.427278432504804906e-01
5.328961501455595773e-01
2.869780599427954604e-01
-6.111678849972956851e-02
-4.155103318621847786e-01
-5.710419325319537887e-01
-4.715500400318376473e-01
-2.833497107803002457e-01
-1.344955046264634246e-01
2.354139069477654833e-01
2.435170614414925994e-01
4.113784182053727978e-01
5.950234594327430404e-01
6.427278499903880116e-01
5.328961593089376336e-01
2.869780715967575890e-01
-6.111677522311331767e-02
-4.155103182003365703e-01
-5.710419201136426315e-01
-4.715500304842581980e-01
-2.833497051077099593e-01
-1.344955019404467933e-01
2.354138888837407073e-01
2.435170441212045067e-01
4.113784031762672266e-01
5.950234455112031196e-01
6.427278330546045693e-01
5.328961362835497040e-01
2.869780423131244040e-01
-6.111680858409029860e-02
-4.155103525293096789e-01
-5.710419513179031403e-01
-4.715500544750528822e-01
-2.833497193615791554e-01
-1.344955086897673679e-01
2.354133419434535912e-01
2.435165196996830206e-01
4.113779481268836080e-01
5.950230239965517143e-01
6.427273202750678482e-01
5.328954391237292754e-01
2.869771556669306056e-01
-6.111781868358800995e-02
-4.155113919376727249e-01
-5.710428961166077455e-01
-4.715507808653411348e-01
-2.833501509384528383e-01
-1.344957130448533877e-01
2.354139190041050211e-01
2.435170730014454832e-01
4.113784282361385158e-01
5.950234687242944576e-01
6.427278612937137314e-01
5.328961746766033292e-01
2.869780911413182256e-01
-6.111675295724106061e-02
-4.155102952884017764e-01
-5.710418992872119404e-01
-4.715500144722579723e-01
-2.833496955943545226e-01
-1.344954974357972510e-01
2.395028900548086814e-01
2.466567658795734697e-01
4.053229390757179806e-01
5.800249864245491382e-01
6.280420930962753445e-01
5.278911704788959991e-01
2.977603354075206710e-01
-3.180435296033512493e-02
-3.698733728944022525e-01
-5.210741015909674534e-01
-4.317063631593179296e-01
-2.595373278211386969e-01
-1.232057949419065324e-01
