0.000000000000000000e+00
4.937578145081992220e-01
4.734286912099493483e-01
4.108020462756591940e-01
3.805281086476847707e-01
4.629187304370772083e-01
6.293705499474955278e-01
8.004319614862598353e-01
9.118811178467290945e-01
9.383400963586234766e-01
8.529299350568698701e-01
6.557587539910476604e-01
3.896119173064439001e-01
1.844843450546252706e-01
4.937579421309424843e-01
4.734288135781763440e-01
4.108021524566300431e-01
3.805282070036797859e-01
4.629188500887699287e-01
6.293707126223814230e-01
8.004321683757910089e-01
9.118813535427857664e-01
9.383403388935944722e-01
8.529301555156756365e-01
6.557589234865547345e-01
3.896120180103522790e-01
1.844843927387277427e-01
-7.522757000270001437e-02
-1.135938297409812558e-01
-2.588906117120959305e-01
-3.820209330498410827e-01
-3.571144082653806562e-01
-1.825585503031604551e-01
7.936173847790246871e-02
3.408266811190625578e-01
5.569382792442703067e-01
6.180179728606267631e-01
4.939262251644996327e-01
2.952989749856334001e-01
1.400153534449193327e-01
4.318568535095527183e-01
4.171701918895089900e-01
3.801439927723798684e-01
3.699585706724986545e-01
4.403813937923117261e-01
5.661686506897649629e-01
6.846734740455209245e-01
7.480767374167387462e-01
7.419293378685586360e-01
6.591949918225143978e-01
5.042540769934962253e-01
2.993468938231976795e-01
1.417174255185857934e-01
4.850922200403775530e-01
4.564612073858334562e-01
3.924611592908067159e-01
3.686313877129117622e-01
4.629718904955720804e-01
6.447295715895108303e-01
8.265466826844121151e-01
9.300962255932986311e-01
9.400651554757404327e-01
8.447664535965282440e-01
6.478392795736380716e-01
3.847457601873721655e-01
1.821636570869454852e-01
4.937575248139452477e-01
4.734284134430614688e-01
4.108018052526539732e-01
3.805278853867999911e-01
4.629184588365226061e-01
6.293701806874523186e-01
8.004314918622191799e-01
9.118805828339913155e-01
9.383395458220522567e-01
8.529294346315723363e-01
6.557583692486953497e-01
3.896116887159681852e-01
1.844842368152149192e-01
3.759421184850642583e-01
4.250170198497412732e-01
5.187426773533492241e-01
5.858162285747636755e-01
5.716290128334668985e-01
4.656130457178161985e-01
3.022859939488307113e-01
1.675204955786430139e-01
5.182855259747627674e-02
-1.653615819180043189e-02
-2.337616533000939911e-02
-1.493250191327613607e-02
-7.177997830780640659e-03
4.937585374033828800e-01
4.734293843419072889e-01
4.108026477179290703e-01
3.805286657668410233e-01
4.629194081817342710e-01
6.293714713889916323e-01
8.004331333733527565e-01
9.118824529030034043e-01
9.383414701526503476e-01
8.529311838045837701e-01
6.557597140666778790e-01
3.896124877249168006e-01
1.844846151523140410e-01
4.172712483060975197e-01
4.112310303454833615e-01
4.256734028674453718e-01
4.625304346433494751e-01
5.269035184552876006e-01
5.935642677807562162e-01
6.207340370930497508e-01
5.848063216644611151e-01
4.945238031499781806e-01
3.909423973582711875e-01
2.907232333912928568e-01
1.717661570375257907e-01
8.123357725407172325e-02
5.094481680198995610e-01
4.838985816173190235e-01
4.170278873577524803e-01
3.878815078353932133e-01
4.797905739195689190e-01
6.619078079502440648e-01
8.471454346041180639e-01
9.610300154528503835e-01
9.818307936751315967e-01
8.883703273859643312e-01
6.823149037062169464e-01
4.053222530950368330e-01
1.919163609749777455e-01
4.937582315931648980e-01
4.734290911225859655e-01
4.108023932865871308e-01
3.805284300857430524e-01
4.629191214717852110e-01
6.293710815866646602e-01
8.004326376236847729e-01
9.118818881270034371e-01
9.383408889892116411e-01
8.529306555401559020e-01
6.557593079207464370e-01
3.896122464177377287e-01
1.844845008914433870e-01
4.005692306835958449e-01
3.805660424805519804e-01
2.654794916941272676e-01
1.742609335802420834e-01
2.347233629089531259e-01
4.269907782464902324e-01
6.696257534279344004e-01
8.934379478633962535e-01
1.039777426746155031e+00
1.011269528821045594e+00
7.886186529137853007e-01
4.696382236959999457e-01
2.224893576779211068e-01
4.484173108006466180e-01
4.107677014917889835e-01
3.270167257012666084e-01
2.892752393902568997e-01
3.897914536105346883e-01
5.982016483400585116e-01
8.172737220955212933e-01
9.512390136325379331e-01
9.841775389344888936e-01
8.967273636728307906e-01
6.897769736006420516e-01
4.098572534672371148e-01
1.940741660936056157e-01
4.838105116927975957e-01
4.534944524711854164e-01
3.889115114382298843e-01
3.660750701113242300e-01
4.628437705111941858e-01
6.480239025338379033e-01
8.325452901545701279e-01
9.351475082761945279e-01
9.423487746808274501e-01
8.451650888399462325e-01
6.478624151048677504e-01
3.847317615284109316e-01
1.821541794241242629e-01
4.937603586278639378e-01
4.734311305824671634e-01
4.108041629602635636e-01
3.805300693438312676e-01
4.629211156563298180e-01
6.293737928207129295e-01
8.004360857646685146e-01
9.118858163742574741e-01
9.383449312177815083e-01
8.529343298345455349e-01
6.557621328312246423e-01
3.896139248075128902e-01
1.844852956223657636e-01
4.024455052401950672e-01
4.220432265846515429e-01
3.049770168911862256e-01
1.722822028522632554e-01
1.692317626365790750e-01
2.889023221448397960e-01
4.894451253945354408e-01
7.689728374839214231e-01
1.015989374242549204e+00
1.048718744484963272e+00
8.273759723795566234e-01
4.936411809688623364e-01
2.339551737787994856e-01
5.018938958873095935e-01
4.790629724030731063e-01
4.148095769137341571e-01
3.855426054973755123e-01
4.726476133007423419e-01
6.463846572708999982e-01
8.236704908149397042e-01
9.354173063594045656e-01
9.582521500893523836e-01
8.685677204330946033e-01
6.673659091258733467e-01
3.964674832851309283e-01
1.877263301766693981e-01
4.484156520812909719e-01
4.107657236915365218e-01
3.270144157011145580e-01
2.892728242030280228e-01
3.897892803273563800e-01
5.982000715732098683e-01
8.172728570958938121e-01
9.512384354316907320e-01
9.841770517170829180e-01
8.967269638510941832e-01
6.897766731789314321e-01
4.098570756569746010e-01
1.940740819695556674e-01
4.886405696234278895e-01
4.682166742946462512e-01
4.075995099829946011e-01
3.794277776433994109e-01
4.617072805505637034e-01
6.259367928606855980e-01
7.934622462326650361e-01
9.004396852652085670e-01
9.230535647003488275e-01
8.370881993900469720e-01
6.432514473964849877e-01
3.821487540074635092e-01
1.809471811130730079e-01
4.484182424546965251e-01
4.107688123647115219e-01
3.270180231618233790e-01
2.892765959315681812e-01
3.897926742807911182e-01
5.982025339631036331e-01
8.172742079381762892e-01
9.512393383879000908e-01
9.841778125868820837e-01
8.967275882378942242e-01
6.897771423363270316e-01
4.098573533366316468e-01
1.940742133429478322e-01
