0.000000000000000000e+00
4.937579398536551811e-01
4.734288113946500953e-01
4.108021505619475211e-01
3.805282052486253508e-01
4.629188479537172385e-01
6.293707097196272748e-01
8.004321646840750759e-01
9.118813493370492296e-01
9.383403345658249961e-01
8.529301515818310531e-01
6.557589204620940526e-01
3.896120162134019127e-01
1.844843918878574240e-01
4.937574942825088131e-01
4.734283841686732219e-01
4.108017798507743734e-01
3.805278618569045146e-01
4.629184302120160632e-01
6.293701417704238299e-01
8.004314423676354151e-01
9.118805264479665773e-01
9.383394877999408079e-01
8.529293818907845992e-01
6.557583286999565386e-01
3.896116646243768522e-01
1.844842254076546062e-01
4.937576682108105186e-01
4.734285509359542621e-01
4.108019245575519340e-01
3.805279958995581024e-01
4.629185932771185397e-01
6.293703634688915249e-01
8.004317243232168533e-01
9.118808476619899572e-01
9.383398183342525067e-01
8.529296823390017934e-01
6.557585596937819394e-01
3.896118018668408567e-01
1.844842903930540845e-01
4.937573147858316802e-01
4.734282120622792522e-01
4.108016305111586441e-01
3.805277235228284871e-01
4.629182619263272902e-01
6.293699129742020837e-01
8.004311513851473103e-01
9.118801949501638138e-01
9.383391466834573036e-01
8.529290718236126612e-01
6.557580903107829151e-01
3.896115229880472985e-01
1.844841583417247965e-01
4.937575224421302811e-01
4.734284111688994989e-01
4.108018032793253060e-01
3.805278835588952191e-01
4.629184566128463074e-01
6.293701776642081080e-01
8.004314880172643809e-01
9.118805784536794246e-01
9.383395413146420339e-01
8.529294305344382598e-01
6.557583660986927576e-01
3.896116868444284287e-01
1.844842359290259359e-01
4.937640941844704812e-01
4.734347123377796174e-01
4.108072709096526332e-01
3.805329482537916919e-01
4.629246178978558279e-01
6.293785543642201885e-01
8.004421414843229110e-01
9.118927152696958416e-01
9.383520302903290977e-01
8.529407827310065970e-01
6.557670940163923268e-01
3.896168724416138596e-01
1.844866913505825712e-01
4.937553825791889395e-01
4.734263594089436755e-01
4.108000229326670416e-01
3.805262344143674480e-01
4.629164504012846515e-01
6.293674500785848558e-01
8.004280190803866324e-01
9.118766265149886863e-01
9.383354747072090163e-01
8.529257340802132159e-01
6.557555241510518718e-01
3.896099983322087734e-01
1.844834364050454700e-01
4.937583682838642685e-01
4.734292221854207727e-01
4.108025070120155942e-01
3.805285354302090362e-01
4.629192496250683075e-01
6.293712558200602603e-01
8.004328592133008735e-01
9.118821405699299998e-01
9.383411487569767173e-01
8.529308916631820336e-01
6.557594894593874457e-01
3.896123542769429626e-01
1.844845519636358899e-01
4.937563492316184299e-01
4.734272862621115574e-01
4.108008271787658705e-01
3.805269793917833154e-01
4.629173566786179417e-01
6.293686822263165892e-01
8.004295861229274722e-01
9.118784117466793848e-01
9.383373117388613682e-01
8.529274039004564045e-01
6.557568079601867606e-01
3.896107610934155252e-01
1.844837975785502127e-01
4.937579763959714652e-01
4.734288464324367673e-01
4.108021809648249589e-01
3.805282334109715281e-01
4.629188822136766079e-01
6.293707562984499626e-01
8.004322239229105795e-01
9.118814168240787499e-01
9.383404040110461253e-01
8.529302147059670824e-01
6.557589689938703170e-01
3.896120450480279329e-01
1.844844055412824257e-01
4.937575508997891216e-01
4.734284384548923530e-01
4.108018269558407209e-01
3.805279054905766900e-01
4.629184832930990368e-01
6.293702139378869465e-01
8.004315341500425340e-01
9.118806310098132029e-01
9.383395953957350821e-01
8.529294796929293154e-01
6.557584038932519066e-01
3.896117092996538300e-01
1.844842465617539673e-01
4.937575974460558514e-01
4.734284830847442227e-01
4.108018656819146242e-01
3.805279413627438156e-01
4.629185269321829943e-01
6.293702732682886491e-01
8.004316096063056607e-01
9.118807169723245343e-01
9.383396838525192019e-01
8.529295600981464665e-01
6.557584657112545123e-01
3.896117460281464107e-01
1.844842639529876427e-01
4.937579208240298057e-01
4.734287931485173240e-01
4.108021347294709691e-01
3.805281905829185352e-01
4.629188301126426208e-01
6.293706854634323333e-01
8.004321338351043646e-01
9.118813141927830657e-01
9.383402984018190951e-01
8.529301187095672532e-01
6.557588951888870810e-01
3.896120011976014208e-01
1.844843847777563328e-01
4.937555498140559496e-01
4.734265197583739093e-01
4.108001620705674095e-01
3.805263632985406153e-01
4.629166071910104097e-01
6.293676632452368525e-01
8.004282901852253218e-01
9.118769353674524014e-01
9.383357925212802986e-01
8.529260229660193815e-01
6.557557462553402772e-01
3.896101302930512489e-01
1.844834988895551198e-01
4.937575846692722759e-01
4.734284708340096848e-01
4.108018550517459344e-01
3.805279315159623699e-01
4.629185149534106869e-01
6.293702569823057535e-01
8.004315888938315915e-01
9.118806933759229238e-01
9.383396595714487143e-01
8.529295380272021720e-01
6.557584487424340525e-01
3.896117359463067142e-01
1.844842591791562569e-01
4.937593774989044726e-01
4.734301898488006977e-01
4.108033466698224334e-01
3.805293132096774222e-01
4.629201958066403999e-01
6.293725422204091702e-01
8.004344952541907476e-01
9.118840044070419815e-01
9.383430666748511229e-01
8.529326350071725349e-01
6.557608297958396060e-01
3.896131506232391462e-01
1.844849290399478703e-01
4.937568222264061002e-01
4.734277397826365807e-01
4.108012207061611520e-01
3.805273439182913497e-01
4.629178001311369250e-01
6.293692851311838421e-01
8.004303528958969238e-01
9.118792852822529271e-01
9.383382106207859286e-01
8.529282209638053835e-01
6.557574361436068200e-01
3.896111343217486533e-01
1.844839743051377157e-01
4.937573472302639876e-01
4.734282431709010419e-01
4.108016575046335439e-01
3.805277485270270876e-01
4.629182923443479480e-01
6.293699543296391585e-01
8.004312039808932910e-01
9.118802548691450349e-01
9.383392083410369011e-01
8.529291278689585809e-01
6.557581334001677531e-01
3.896115485891357144e-01
1.844841704640440283e-01
4.937575663544578330e-01
4.734284532732574435e-01
4.108018398139856031e-01
3.805279174011443333e-01
4.629184977825013259e-01
6.293702336372477557e-01
8.004315592036425064e-01
9.118806595517828795e-01
9.383396247658734035e-01
8.529295063897210927e-01
6.557584244185661326e-01
3.896117214945455931e-01
1.844842523361323317e-01
4.937575921065570639e-01
4.734284779650846375e-01
4.108018612394997993e-01
3.805279372477114452e-01
4.629185219261781614e-01
6.293702664622732312e-01
8.004316009504315321e-01
9.118807071112388085e-01
9.383396737053060210e-01
8.529295508745590171e-01
6.557584586198769161e-01
3.896117418148817291e-01
1.844842619579732668e-01
