0.000000000000000000e+00
2.354138219512262875e-01
2.435169799444527605e-01
4.113783474890191916e-01
5.950233939278106732e-01
6.427277703025555677e-01
5.328960509677285184e-01
2.869779338086668741e-01
-6.111693219630309759e-02
-4.155104797282322959e-01
-5.710420669388481807e-01
-4.715501433679897825e-01
-2.833497721763489352e-01
-1.344955336979813398e-01
2.354140617604987273e-01
2.435172098802362850e-01
4.113785470081698925e-01
5.950235787434554613e-01
6.427279951338404906e-01
5.328963566416625719e-01
2.869783225640457625e-01
-6.111648931207736002e-02
-4.155100239933573469e-01
-5.710416526861494813e-01
-4.715498248777805768e-01
-2.833495829488619777e-01
-1.344954440972595811e-01
2.354138934789135607e-01
2.435170485271837548e-01
4.113784069994095849e-01
5.950234490526000730e-01
6.427278373627725028e-01
5.328961421408067167e-01
2.869780497623699578e-01
-6.111680009763953425e-02
-4.155103437966176649e-01
-5.710419433800834055e-01
-4.715500483722131486e-01
-2.833497157356434926e-01
-1.344955069728579200e-01
2.354139353661970357e-01
2.435170886898732623e-01
4.113784418492514305e-01
5.950234813341930273e-01
6.427278766338635485e-01
5.328961955326151356e-01
2.869781176659442767e-01
-6.111672273942514444e-02
-4.155102641937911123e-01
-5.710418710229137051e-01
-4.715499927417967641e-01
-2.833496826834378535e-01
-1.344954913223753989e-01
-4.837801114101494826e-02
-4.394930664926346986e-02
-1.073809900093612713e-02
1.935231469250610348e-02
1.243304645742184661e-02
-2.978309531422384387e-02
-9.138699124396262863e-02
-1.572498306024612824e-01
-2.100990389529497626e-01
-2.174522280941953156e-01
-1.716365001559701231e-01
-1.024118779490698072e-01
-4.853763975944588860e-02
2.354138071089511564e-01
2.435169657132675303e-01
4.113783351403801913e-01
5.950233824892010581e-01
6.427277563872979549e-01
5.328960320489577462e-01
2.869779097478195595e-01
-6.111695960729301991e-02
-4.155105079345744468e-01
-5.710420925777757173e-01
-4.715501630799853738e-01
-2.833497838880162378e-01
-1.344955392435490948e-01
3.552228912114561155e-01
3.577646989382744502e-01
5.034464138495304830e-01
6.727494450549462712e-01
7.401482246923198893e-01
6.773878670414821279e-01
4.845437925731641005e-01
1.776632171862316256e-01
-1.573474373995982223e-01
-3.295485192600248192e-01
-2.847340395207386687e-01
-1.722425830073553155e-01
-8.187383969969141972e-02
2.354141603489293688e-01
2.435173044095588213e-01
4.113786290328546036e-01
5.950236547233548334e-01
6.427280875646432801e-01
5.328964823078354840e-01
2.869784823859841127e-01
-6.111630723712946356e-02
-4.155098366353555672e-01
-5.710414823819612851e-01
-4.715496939426853662e-01
-2.833495051552020749e-01
-1.344954072613422091e-01
2.354140837279372622e-01
2.435172309432258597e-01
4.113785652848805929e-01
5.950235956732692344e-01
6.427280157292387663e-01
5.328963846425539552e-01
2.869783581755125379e-01
-6.111644874220312218e-02
-4.155099822463150794e-01
-5.710416147390316999e-01
-4.715497957028698672e-01
-2.833495656149067066e-01
-1.344954358894937529e-01
2.354139182312418033e-01
2.435170722604027560e-01
4.113784275931233192e-01
5.950234681286661331e-01
6.427278605691219004e-01
5.328961736914699099e-01
2.869780898884278786e-01
-6.111675438457919718e-02
-4.155102967571553396e-01
-5.710419006222756666e-01
-4.715500154986960735e-01
-2.833496962042015843e-01
-1.344954977245646499e-01
2.354139031957573347e-01
2.435170578439631028e-01
4.113784150837359044e-01
5.950234565411542942e-01
6.427278464727224083e-01
5.328961545264239152e-01
2.869780655143683301e-01
-6.111678215239180201e-02
-4.155103253306737798e-01
-5.710419265949578937e-01
-4.715500354672926275e-01
-2.833497080683255454e-01
-1.344955033423218538e-01
2.354139164652464533e-01
2.435170705671174107e-01
4.113784261238310758e-01
5.950234667676529421e-01
6.427278589134268749e-01
5.328961714404362171e-01
2.869780870255685956e-01
-6.111675764605239980e-02
-4.155103001132627316e-01
-5.710419036729014186e-01
-4.715500178441109913e-01
-2.833496975977042309e-01
-1.344954983843992813e-01
2.354139022374430179e-01
2.435170569251047801e-01
4.113784142864270743e-01
5.950234558026029630e-01
6.427278455742624352e-01
5.328961533049045851e-01
2.869780639608427997e-01
-6.111678392222441580e-02
-4.155103271518594266e-01
-5.710419282503745864e-01
-4.715500367400278225e-01
-2.833497088245073292e-01
-1.344955037003799370e-01
2.354140315820916762e-01
2.435171809443423818e-01
4.113785219000075655e-01
5.950235554856317943e-01
6.427279668403138579e-01
5.328963181746245725e-01
2.869782736417587632e-01
-6.111654504612085148e-02
-4.155100813445700147e-01
-5.710417048171052556e-01
-4.715498649576618795e-01
-2.833496067618866410e-01
-1.344954553729163782e-01
2.354138948788294106e-01
2.435170498694618768e-01
4.113784081641269630e-01
5.950234501314839441e-01
6.427278386752526274e-01
5.328961439252155596e-01
2.869780520317769534e-01
-6.111679751224885493e-02
-4.155103411362096599e-01
-5.710419409618328057e-01
-4.715500465129877083e-01
-2.833497146310048898e-01
-1.344955064498027653e-01
2.354139444073712895e-01
2.435170973588019483e-01
4.113784493714268686e-01
5.950234883020237842e-01
6.427278851103449542e-01
5.328962070569873699e-01
2.869781323226133773e-01
-6.111670604201624446e-02
-4.155102470118933189e-01
-5.710418554049569995e-01
-4.715499807342314886e-01
-2.833496755492738162e-01
-1.344954879442918916e-01
2.354139197560295993e-01
2.435170737224116033e-01
4.113784288617329810e-01
5.950234693037859124e-01
6.427278619986747099e-01
5.328961756350472090e-01
2.869780923602649469e-01
-6.111675156857288016e-02
-4.155102938594401607e-01
-5.710418979883180590e-01
-4.715500134736285709e-01
-2.833496950010297444e-01
-1.344954971548532330e-01
2.354132737594713531e-01
2.435164543229892398e-01
4.113778913984256214e-01
5.950229714486811039e-01
6.427272563497150593e-01
5.328953522127192199e-01
2.869770451337156913e-01
-6.111794460703479093e-02
-4.155115215148916796e-01
-5.710430138993705107e-01
-4.715508714203498486e-01
-2.833502047407244762e-01
-1.344957385206573819e-01
2.354142499216971274e-01
2.435173902944136604e-01
4.113787035565891759e-01
5.950237237550843883e-01
6.427281715428826425e-01
5.328965964821541501e-01
2.869786275926098362e-01
-6.111614181247548849e-02
-4.155096664107695847e-01
-5.710413276516609349e-01
-4.715495749812737558e-01
-2.833494344755758121e-01
-1.344953737939764138e-01
2.354144082537203420e-01
2.435175421075502222e-01
4.113788352874037657e-01
5.950238457780347989e-01
6.427283199858176976e-01
5.328967983007575349e-01
2.869788842650273786e-01
-6.111584940194936255e-02
-4.155093655157122701e-01
-5.710410541448559529e-01
-4.715493647008342504e-01
-2.833493095397442429e-01
-1.344953146358653928e-01
