0.000000000000000000e+00
2.238320592597791425e-01
2.089850083852889395e-01
2.237740562684079060e-01
2.811731047805771100e-01
3.803097800026090103e-01
4.788193770507971347e-01
5.592924687920604043e-01
6.093291267342885176e-01
6.165005419283273724e-01
5.885532045108267107e-01
5.290829420751465006e-01
4.307875797127913575e-01
3.089185641344812661e-01
1.596144615217579277e-01
-2.555365939781707382e-02
-2.069008738795850566e-01
-3.751128636212409106e-01
-4.917437527460840618e-01
-5.325912679197910560e-01
-5.054414978899650635e-01
-4.417028870767256699e-01
-3.524630453999162971e-01
-2.655884534608135561e-01
-1.875966613105856662e-01
-1.260825313488224686e-01
2.238329306277576092e-01
2.089858986434504073e-01
2.237749475576070457e-01
2.811739759570329733e-01
3.803106124183840420e-01
4.788201739274597357e-01
5.592932486548416460e-01
6.093299234728003499e-01
6.165013875328724247e-01
5.885541204266198090e-01
5.290839358401643322e-01
4.307886557451329756e-01
3.089197156546465428e-01
1.596156918326301355e-01
-2.555234954660827451e-02
-2.068995103457990092e-01
-3.751114779539752031e-01
-4.917423885842351350e-01
-5.325899852238780152e-01
-5.054403419387208940e-01
-4.417018969665169603e-01
-3.524622618156623699e-01
-2.655878648123452535e-01
-1.875962461325811070e-01
-1.260822525795555760e-01
2.238371850142336916e-01
2.089904198464470064e-01
2.237798178505800983e-01
2.811792046142389534e-01
3.803161687478733288e-01
4.788259353531617579e-01
5.592990949846243787e-01
6.093356942609791105e-01
6.165069064961113954e-01
5.885592079904602425e-01
5.290884362957531950e-01
4.307924235190055406e-01
3.089228803021250580e-01
1.596184621749480170e-01
-2.554982730050565920e-02
-2.068971740642842616e-01
-3.751093392316394715e-01
-4.917404515441876622e-01
-5.325882593458562964e-01
-5.054388211166885858e-01
-4.417006062134880007e-01
-3.524612442185071637e-01
-2.655871014637901095e-01
-1.875957081105487367e-01
-1.260818914924385914e-01
2.238331459001037249e-01
2.089861323695766937e-01
2.237752078210915319e-01
2.811742654088291160e-01
3.803109303306840827e-01
4.788205104580428029e-01
5.592935925206686809e-01
6.093302585720777875e-01
6.165016969870877883e-01
5.885543882936524751e-01
5.290841496974167946e-01
4.307888044630269753e-01
3.089198104609185980e-01
1.596157488689849968e-01
-2.555231850588765216e-02
-2.068994973401833970e-01
-3.751114801497287266e-01
-4.917424016988348190e-01
-5.325900037487975025e-01
-5.054403608707408457e-01
-4.417019139524127058e-01
-3.524622755124946494e-01
-2.655878751728195653e-01
-1.875962534640925883e-01
-1.260822575129745271e-01
8.605354795321054628e-03
-1.099392526034533024e-02
-3.341865066649304938e-02
-4.995203388027506797e-02
-5.695518664889220178e-02
-5.354742374315762943e-02
-4.053654251467714992e-02
-1.381766777004453731e-02
2.339841294997127563e-02
7.047846931552810557e-02
1.223237799937487158e-01
1.748993599215663830e-01
2.078945300039308774e-01
2.170542025096551808e-01
2.038675607742454765e-01
1.789210693342558889e-01
1.491005618619211104e-01
1.219754091507620208e-01
1.003763809468114776e-01
8.525430473869854975e-02
7.122982204319497357e-02
5.578063469008859993e-02
4.173853199375077150e-02
2.938229525989433100e-02
1.970377634930060157e-02
2.623888788405583372e-01
2.840438787280174515e-01
3.376097469911931159e-01
4.199066528786289387e-01
5.238947649698570963e-01
6.092357995552772909e-01
6.618719136423006910e-01
6.638980950821042892e-01
6.089620542283037397e-01
5.047878889860215601e-01
3.627377206426115053e-01
1.827059421827890717e-01
1.408725910336881826e-02
-1.385857092911058075e-01
-2.861541431895169296e-01
-4.113246079745953021e-01
-5.177277274472369406e-01
-5.828851244581106927e-01
-5.898892944181983733e-01
-5.467558304721163998e-01
-4.735330406626503397e-01
-3.764806735586671005e-01
-2.833032215012857846e-01
-1.999795492139679332e-01
-1.343477158238814972e-01
2.238329216112626974e-01
2.089858310744332481e-01
2.237747833411635190e-01
2.811736986168222874e-01
3.803102203373335266e-01
4.788197074280621246e-01
5.592927619221644830e-01
6.093294989563462494e-01
6.165011055297460185e-01
5.885540507056714610e-01
5.290841236734332709e-01
4.307891367048056197e-01
3.089204342440463602e-01
1.596165813556246482e-01
-2.555134362231509249e-02
-2.068984397994955149e-01
-3.751103772250711788e-01
-4.917412973253763586e-01
-5.325889551010116740e-01
-5.054394121773717607e-01
-4.417011001070651477e-01
-3.524616310110064710e-01
-2.655873908905438396e-01
-1.875959118566287998e-01
-1.260820281246725350e-01
2.238320810504387248e-01
2.089850058199781979e-01
2.237740045063087435e-01
2.811729869587847874e-01
3.803095867779976991e-01
4.788191282665060222e-01
5.592921951232252553e-01
6.093288757944707035e-01
6.165003622869260624e-01
5.885531375322250458e-01
5.290830156291700392e-01
4.307878180036356364e-01
3.089189438801194787e-01
1.596149554371691925e-01
-2.555307145617640580e-02
-2.069002195228802354e-01
-3.751121641006955887e-01
-4.917430393422017598e-01
-5.325905830946497943e-01
-5.054408756623796073e-01
-4.417023523730634338e-01
-3.524626216537602441e-01
-2.655881349708463235e-01
-1.875964366224975866e-01
-1.260823804588277475e-01
2.492082226700740588e-01
2.368246953929068199e-01
2.548095586508783983e-01
3.153329711375094102e-01
4.171075707776309982e-01
5.170266016379627683e-01
5.976681006369995997e-01
6.461491380065401691e-01
6.500574555654610176e-01
6.171804134673974929e-01
5.515158520238520046e-01
4.459900192814029163e-01
3.185151907427774542e-01
1.658874947738403494e-01
-2.079363125583025967e-02
-2.027020000224852847e-01
-3.712559280941201134e-01
-4.881890881602207188e-01
-5.293769752951295038e-01
-5.025900761174409981e-01
-4.392760461562916774e-01
-3.505475320049963317e-01
-2.641509074833354176e-01
-1.865832415680742928e-01
-1.254022949257664332e-01
2.238333011355476687e-01
2.089863369650755143e-01
2.237754900359977539e-01
2.811746360812174550e-01
3.803113888352357419e-01
4.788210251555151675e-01
5.592941227448424701e-01
6.093307432926561296e-01
6.165020762453226055e-01
5.885546090146280829e-01
5.290841761667721688e-01
4.307886079944301949e-01
3.089194335593345997e-01
1.596152445073969472e-01
-2.555290769546400206e-02
-2.069001341876730848e-01
-3.751121419859801964e-01
-4.917430626328066490e-01
-5.325906303196787928e-01
-5.054409273529113511e-01
-4.417023997887887243e-01
-3.524626602153352883e-01
-2.655881642292928779e-01
-1.875964573574726013e-01
-1.260823944249864492e-01
2.238330856559345161e-01
2.089860603112873028e-01
2.237751176592711888e-01
2.811741548803425306e-01
3.803107997676814511e-01
4.788203671063803180e-01
5.592934454419633550e-01
6.093301212311337256e-01
6.165015827389837000e-01
5.885543091190235110e-01
5.290841138941007049e-01
4.307888188351948200e-01
3.089198655127808335e-01
1.596158324460636713e-01
-2.555221603706861119e-02
-2.068993839390927403e-01
-3.751113603368231297e-01
-4.917422807004737662e-01
-5.325898882917748933e-01
-5.054402562177894298e-01
-4.417018241060787775e-01
-3.524622043385913228e-01
-2.655878216859783869e-01
-1.875962157328934787e-01
-1.260822321756387698e-01
2.238330698518101181e-01
2.089860489822069067e-01
2.237751139415057877e-01
2.811741601396402501e-01
3.803108141439221490e-01
4.788203873207987904e-01
5.592934669730919017e-01
6.093301371237316300e-01
6.165015863342566682e-01
5.885542947239760236e-01
5.290840779879363298e-01
4.307887587808600927e-01
3.089197860432305043e-01
1.596157390473070259e-01
-2.555231874714303242e-02
-2.068994914015890030e-01
-3.751114693527153321e-01
-4.917423877305968638e-01
-5.325899887350605821e-01
-5.054403466623877961e-01
-4.417019015492024137e-01
-3.524622656194953407e-01
-2.655878677194095649e-01
-1.875962481998140752e-01
-1.260822539750514337e-01
2.238330817702708642e-01
2.089860661386125362e-01
2.237751401691969177e-01
2.811741974976194047e-01
3.803108633426915963e-01
4.788204447014504095e-01
5.592935274409948088e-01
6.093301929226814240e-01
6.165016296745591262e-01
5.885543188210726750e-01
5.290840782360931582e-01
4.307887313067767510e-01
3.089197354427523079e-01
1.596156709543623820e-01
-2.555239997347788852e-02
-2.068995811915171346e-01
-3.751115646038093443e-01
-4.917424843042925153e-01
-5.325900811171890847e-01
-5.054404304844731799e-01
-4.417019735410785408e-01
-3.524623226591651615e-01
-2.655879105871132295e-01
-1.875962784408617412e-01
-1.260822742829799392e-01
2.238321769468068212e-01
2.089850608150772560e-01
2.237740019841520100e-01
2.811729277151636119e-01
3.803094809681984989e-01
4.788190016362867674e-01
5.592920779393815156e-01
6.093288134969461201e-01
6.165003952874974491e-01
5.885533012824355481e-01
5.290833303504564045e-01
4.307882954826763866e-01
3.089195415624589325e-01
1.596156229290480177e-01
-2.555237929999525440e-02
-2.068995358284831110e-01
-3.751115084731926896e-01
-4.917424241956199760e-01
-5.325900222737812717e-01
-5.054403766628589034e-01
-4.417019271720925011e-01
-3.524622858733104103e-01
-2.655878829275162278e-01
-1.875962589236683242e-01
-1.260822611743349086e-01
2.238330054044666007e-01
2.089860323256186592e-01
2.237751717392617301e-01
2.811743001460879077e-01
3.803110323425016870e-01
4.788206516720180383e-01
5.592937363160415121e-01
6.093303490126543709e-01
6.165016819402804327e-01
5.885542229017679539e-01
5.290838071160427480e-01
4.307882661437167360e-01
3.089191194297751242e-01
1.596149552499366020e-01
-2.555317123463692747e-02
-2.069003709135960600e-01
-3.751123490942060990e-01
-4.917432418784180026e-01
-5.325907847638395864e-01
-5.054410614253141976e-01
-4.417025128659817779e-01
-3.524627491252984024e-01
-2.655882308583831231e-01
-1.875965042962282892e-01
-1.260824259173699280e-01
2.238327258416184240e-01
2.089856677596218237e-01
2.237746778602386910e-01
2.811736631380382656e-01
3.803102574827502136e-01
4.788197919608735420e-01
5.592928578466458411e-01
6.093295504393687612e-01
6.165010591741677537e-01
5.885538613667441465e-01
5.290837639377679036e-01
4.307885861647555159e-01
3.089197295434362722e-01
1.596157640057740412e-01
-2.555223848791144531e-02
-2.068993752498988481e-01
-3.751113262018531680e-01
-4.917422291853420502e-01
-5.325898297389670688e-01
-5.054401997981755601e-01
-4.417017745240451876e-01
-3.524621646842279188e-01
-2.655877917806093724e-01
-1.875961946009243875e-01
-1.260822179691921952e-01
2.238326278131472780e-01
2.089857764559549247e-01
2.237751053245482513e-01
2.811744408002196938e-01
3.803113669599004210e-01
4.788210970867028404e-01
5.592941854661067635e-01
6.093306387822369219e-01
6.165016608669563469e-01
5.885537602586884409e-01
5.290828247710845922e-01
4.307867107012376962e-01
3.089171191683277584e-01
1.596126602251714544e-01
-2.555563052983463035e-02
-2.069028824090485830e-01
-3.751148393663261693e-01
-4.917456435719133045e-01
-5.325930137210513893e-01
-5.054430594260332921e-01
-4.417042205237947106e-01
-3.524640993661589672e-01
-2.655892448534505901e-01
-1.875972193587253367e-01
-1.260829059916852013e-01
2.238328783287165114e-01
2.089858426444063111e-01
2.237748865051828184e-01
2.811739095413792744e-01
3.803105409373106482e-01
4.788200991995157363e-01
5.592931726069472198e-01
6.093298487678675546e-01
6.165013170286716138e-01
5.885540569250126142e-01
5.290838816504442876e-01
4.307886129864836322e-01
3.089196823388307700e-01
1.596156649209525269e-01
-2.555237221905545808e-02
-2.068995299569358626e-01
-3.751114946579924836e-01
-4.917424027267147668e-01
-5.325899972180658803e-01
-5.054403522765356094e-01
-4.417019056590229531e-01
-3.524622686415124773e-01
-2.655878699251320030e-01
-1.875962497335718071e-01
-1.260822549951683413e-01
2.238326164861823009e-01
2.089854579068264051e-01
2.237743126147967165e-01
2.811731253127308094e-01
3.803095536035331903e-01
4.788189871689932375e-01
5.592920349401367952e-01
6.093288341032978561e-01
6.165005689608692441e-01
5.885537024194492650e-01
5.290840040869431160e-01
4.307892767748116580e-01
3.089207775587343718e-01
1.596170560340387234e-01
-2.555079693003432101e-02
-2.068978641343781066e-01
-3.751097949706125867e-01
-4.917407280907016842e-01
-5.325884224838016712e-01
-5.054389331783868400e-01
-4.417006901726064916e-01
-3.524613066975905151e-01
-2.655871472895124930e-01
-1.875957400536702735e-01
-1.260819127730312683e-01
2.238328164790800989e-01
2.089857867275621839e-01
2.237748454111732066e-01
2.811738900980891298e-01
3.803105475447824957e-01
4.788201256873002021e-01
5.592932083939264887e-01
6.093298770708086565e-01
6.165013207920710947e-01
5.885540220171607828e-01
5.290837989345371639e-01
4.307884745657144521e-01
3.089194954343068011e-01
1.596154372573807823e-01
-2.555263496642194015e-02
-2.068998177702862373e-01
-3.751117989705212707e-01
-4.917427108262281688e-01
-5.325902917495404232e-01
-5.054406194526013252e-01
-4.417021351056557577e-01
-3.524624504265663205e-01
-2.655880065422040470e-01
-1.875963461094679319e-01
-1.260823197146581642e-01
