0.000000000000000000e+00
4.028349071197471210e-01
3.862492850697281654e-01
3.351550077660780391e-01
3.104558566961124200e-01
3.776746783549176922e-01
5.134752698233872037e-01
6.530366211665094012e-01
7.439630009257066634e-01
7.655496975574119789e-01
6.958673687230939597e-01
5.350042247332537082e-01
3.178669297157659113e-01
1.505125221747619924e-01
4.028344246197648748e-01
3.862488224353588517e-01
3.351546063304466916e-01
3.104554848441634096e-01
3.776742259908787980e-01
5.134746548026821733e-01
6.530358389846464551e-01
7.439621098357629414e-01
7.655487806117626803e-01
6.958665352402276794e-01
5.350035839260040005e-01
3.178665489871219108e-01
1.505123418967175830e-01
4.028342395934330633e-01
3.862486450269786431e-01
3.351544523902081907e-01
3.104553422485061276e-01
3.776740525209060784e-01
5.134744189580621176e-01
6.530355390380221392e-01
7.439617681256910364e-01
7.655484289866928416e-01
6.958662156209881600e-01
5.350033381929072407e-01
3.178664029874804231e-01
1.505122727647248693e-01
4.028343787206693505e-01
3.862487784260326684e-01
3.351545681428133583e-01
3.104554494707566503e-01
3.776741829585451016e-01
5.134745962972000477e-01
6.530357645775141107e-01
7.439620250684594316e-01
7.655486933848663078e-01
6.958664559529508242e-01
5.350035229675080828e-01
3.178665127692958947e-01
1.505123247472885950e-01
4.028343929929225631e-01
3.862487921106649846e-01
3.351545800171992218e-01
3.104554604700631160e-01
3.776741963393831503e-01
5.134746144893898023e-01
6.530357877142974887e-01
7.439620514267221152e-01
7.655487205079356539e-01
6.958664806072076825e-01
5.350035419224586919e-01
3.178665240311732143e-01
1.505123300798771879e-01
4.028345353522970185e-01
3.862489286087827933e-01
3.351546984589142131e-01
3.104555701832502623e-01
3.776743298072877675e-01
5.134747959483868529e-01
6.530360184934163037e-01
7.439623143386633330e-01
7.655489910484825078e-01
6.958667265224487419e-01
5.350037309896558124e-01
3.178666363633879111e-01
1.505123832700752673e-01
4.028342216788560193e-01
3.862486278499850934e-01
3.351544374854417141e-01
3.104553284421420756e-01
3.776740357252361679e-01
5.134743961231683640e-01
6.530355099966588250e-01
7.439617350407168317e-01
7.655483949417309919e-01
6.958661846748874780e-01
5.350033144005936769e-01
3.178663888515366187e-01
1.505122660712429061e-01
4.028343300096401958e-01
3.862487317205465231e-01
3.351545276156766562e-01
3.104554119302555537e-01
3.776741372899053428e-01
5.134745342074744645e-01
6.530356856119494680e-01
7.439619351080245524e-01
7.655486008141556553e-01
6.958663718082674920e-01
5.350034582744889189e-01
3.178664743326435338e-01
1.505123065472276644e-01
4.028339946275598660e-01
3.862484101469031428e-01
3.351542485808121086e-01
3.104551534587843831e-01
3.776738228550907683e-01
5.134741067112442714e-01
6.530351419232653942e-01
7.439613157181590442e-01
7.655479634521852317e-01
6.958657924606448386e-01
5.350030128542269114e-01
3.178662096910490065e-01
1.505121812373254875e-01
4.028344996949544954e-01
3.862488944195335283e-01
3.351546687923269707e-01
3.104555427029335735e-01
3.776742963770284844e-01
5.134747504975997190e-01
6.530359606892138791e-01
7.439622484860197726e-01
7.655489232850705150e-01
6.958666649270390803e-01
5.350036836332112689e-01
3.178666082270725224e-01
1.505123699473059073e-01
4.028342991596395306e-01
3.862487021407099430e-01
3.351545019487544574e-01
3.104553881548496874e-01
3.776741083667313759e-01
5.134744948843866785e-01
6.530356356009403562e-01
7.439618781336693187e-01
7.655485421866428108e-01
6.958663185171836130e-01
5.350034173026654294e-01
3.178664499896811102e-01
1.505122950206411458e-01
3.035821336387770630e-01
2.906696841992588709e-01
2.475724332964545915e-01
2.243585989754832144e-01
2.748200647478973302e-01
3.815551503396030775e-01
4.943359191349173676e-01
5.721775665121811016e-01
5.969690436350763019e-01
5.471217956671377003e-01
4.213991965991942257e-01
2.504436716524178208e-01
1.185946706341318158e-01
4.028345113308829939e-01
3.862489055763845824e-01
3.351546784733144824e-01
3.104555516704834983e-01
3.776743072862011608e-01
5.134747653293867398e-01
6.530359795522451272e-01
7.439622699754689927e-01
7.655489453980537373e-01
6.958666850272409166e-01
5.350036990868644038e-01
3.178666174086920981e-01
1.505123742948758780e-01
4.028342795922517094e-01
3.862486833789556262e-01
3.351544856688642993e-01
3.104553730747013907e-01
3.776740900214818342e-01
5.134744699427304937e-01
6.530356038802016538e-01
7.439618419962533702e-01
7.655485050006701764e-01
6.958662847159751141e-01
5.350033913152572040e-01
3.178664345495457733e-01
1.505122877096141121e-01
4.028344998284391631e-01
3.862488945475223145e-01
3.351546689033850224e-01
3.104555428058072275e-01
3.776742965021760434e-01
5.134747506677466156e-01
6.530359609056062276e-01
7.439622487325417977e-01
7.655489235387454849e-01
6.958666651576239648e-01
5.350036838104920145e-01
3.178666083324019342e-01
1.505123699971802342e-01
3.343761934808965886e-01
3.199643901896537246e-01
2.703892968563746946e-01
2.427106883902730994e-01
2.982010288207670445e-01
4.177782593703480152e-01
5.454875112513550839e-01
6.354992511232955277e-01
6.667150764449966127e-01
6.130345648081459986e-01
4.724979330565808877e-01
2.808448398432787374e-01
1.329941216636282286e-01
4.028344108572566862e-01
3.862488092394841810e-01
3.351545948801640251e-01
3.104554742377060306e-01
3.776742130879481851e-01
5.134746372602411180e-01
6.530358166742118442e-01
7.439620844189067661e-01
7.655487544574156589e-01
6.958665114665174567e-01
5.350035656480447432e-01
3.178665381274716206e-01
1.505123367545866953e-01
4.028344397359881479e-01
3.862488369292131352e-01
3.351546189070080395e-01
3.104554964938986972e-01
3.776742401629742951e-01
5.134746740706420676e-01
6.530358634895917502e-01
7.439621377526852708e-01
7.655488093387174953e-01
6.958665613523801197e-01
5.350036040018294470e-01
3.178665609149548543e-01
1.505123475446414616e-01
4.028343803942902035e-01
3.862487800307467523e-01
3.351545695352508014e-01
3.104554507605788438e-01
3.776741845276351262e-01
5.134745984304881494e-01
6.530357672906247357e-01
7.439620281593335438e-01
7.655486965654246800e-01
6.958664588440064414e-01
5.350035251902405253e-01
3.178665140899081809e-01
1.505123253726090293e-01
4.028344501527278965e-01
3.862488469170721750e-01
3.351546275736415059e-01
3.104555045218471698e-01
3.776742499291061983e-01
5.134746873483847507e-01
6.530358803761932007e-01
7.439621569905140452e-01
7.655488291347476437e-01
6.958665793465240723e-01
5.350036178362804762e-01
3.178665691345431421e-01
1.505123514366819570e-01
