0.000000000000000000e+00
3.225442250541583622e-01
3.613976808299625976e-01
4.047843797727711523e-01
4.397680516922632399e-01
4.414919680109463118e-01
4.667057248502496369e-01
6.010384766779531818e-01
7.816812695351128548e-01
8.715227306908702731e-01
7.494402990640005591e-01
4.520541894559798046e-01
1.848822908735404669e-01
4.831043565558226782e-02
3.225447937483281735e-01
3.613985504048597974e-01
4.047860854611198267e-01
4.397705083392831615e-01
4.414942009084985575e-01
4.667067940730328379e-01
6.010383132425149988e-01
7.816801898526603010e-01
8.715212147240601892e-01
7.494389292828871341e-01
4.520533565628270245e-01
1.848819497887475571e-01
4.831034650597379465e-02
3.259056739248953338e-01
3.326280750749959214e-01
3.006074567099697448e-01
2.920642620836921277e-01
3.588872653761364107e-01
5.278677766813306693e-01
7.740742604206061195e-01
1.011360729856886298e+00
1.118968238712020113e+00
9.598411025834410193e-01
5.787164950820842257e-01
2.366682385434927816e-01
6.184143996147793004e-02
3.225457371877160639e-01
3.613992020339590883e-01
4.047861805411844260e-01
4.397706106161586304e-01
4.414954054454221510e-01
4.667096404010957489e-01
6.010421110176672466e-01
7.816841840936149532e-01
8.715251109857105050e-01
7.494421500467677300e-01
4.520552860449012500e-01
1.848827380249348507e-01
4.831055242948380929e-02
3.225315993750389465e-01
3.613821198644977528e-01
4.047553025410733363e-01
4.397209972505484177e-01
4.414383645453339167e-01
4.666645391248054886e-01
6.010234531882303610e-01
7.816945552696059618e-01
8.715517913932886440e-01
7.494684393444588366e-01
4.520714825045729635e-01
1.848893848214337166e-01
4.831229042786904654e-02
3.202334547128948827e-01
3.452738302197184139e-01
3.716488310833757636e-01
4.137544572073833526e-01
4.587739105970277120e-01
5.310081891406012167e-01
6.639225090469840218e-01
8.085116378185501773e-01
8.723483448797377804e-01
7.434853383186645903e-01
4.477832240929022212e-01
1.830900126902034741e-01
4.783977175028707174e-02
3.624075513054227926e-01
3.613454996901369065e-01
3.589396550197245794e-01
4.295466574329976917e-01
5.789653123524466372e-01
7.598592622135429409e-01
8.967181670433312934e-01
9.692617954526367985e-01
9.776518571110984768e-01
8.171460993081295365e-01
4.904944278016871717e-01
2.004428146831013779e-01
5.236820890426152619e-02
-2.908185452153319236e-02
-7.742044891559744790e-02
-2.234956914976929110e-01
-3.520509794881890309e-01
-3.036413399679805947e-01
-7.651451482195543996e-02
1.811605216193306889e-01
3.860695525860469712e-01
4.831265397178922116e-01
4.265373005527850481e-01
2.583965134610989867e-01
1.057543048088271376e-01
2.763782380326138335e-02
3.176542388715737353e-01
3.288777624617526540e-01
3.423523879593042274e-01
3.986300017720326716e-01
4.913459098729792141e-01
6.070213574677729707e-01
7.255594417103022886e-01
8.180908881151930379e-01
8.469437222143161303e-01
7.134180265018179590e-01
4.288101279203270222e-01
1.752742393750797711e-01
4.579460340374800348e-02
3.176542508121627528e-01
3.288777734650478735e-01
3.423524045712038610e-01
3.986300329359051542e-01
4.913459562793723867e-01
6.070214072604355193e-01
7.255594747338663941e-01
8.180908948695351235e-01
8.469437127387310360e-01
7.134180145356114888e-01
4.288101203147289264e-01
1.752742362385304176e-01
4.579460258282287699e-02
3.051576605621387772e-01
3.413827846624295503e-01
3.787805017344533232e-01
4.070082562558424710e-01
4.070788333214889199e-01
4.353116319453990135e-01
5.717306976314872058e-01
7.528507585896579979e-01
8.433651879705021948e-01
7.261065599752392075e-01
4.380685969286698400e-01
1.791683969857995051e-01
4.681767993307909409e-02
3.225441634460102791e-01
3.613977388829009429e-01
4.047845186006625573e-01
4.397679977288388997e-01
4.414914330504561280e-01
4.667047988682163084e-01
6.010377409732398091e-01
7.816810880937186123e-01
8.715229177946245409e-01
7.494405484116617444e-01
4.520543488588843473e-01
1.848823566699115961e-01
4.831045287936412691e-02
3.219461441828853077e-01
3.604560508809788733e-01
4.030123346050424327e-01
4.373631252872640651e-01
4.394991440714605124e-01
4.659620083153071524e-01
6.013328718999141342e-01
7.825505835961906742e-01
8.726206263567092281e-01
7.504091788308968614e-01
4.526410567084321324e-01
1.851224733376827525e-01
4.837320464380515106e-02
3.225488628320474227e-01
3.614026331974725670e-01
4.047938039896358808e-01
4.397852704052267470e-01
4.415145266636979482e-01
4.667260073710887136e-01
6.010477199908953461e-01
7.816764131463698195e-01
8.715096703234761488e-01
7.494273633720639483e-01
4.520462138537005847e-01
1.848790173983131113e-01
4.830957968969268324e-02
3.225440545796709468e-01
3.613978449290530248e-01
4.047850086813018500e-01
4.397685541864939651e-01
4.414913874918242609e-01
4.667038509077234276e-01
6.010363888633317719e-01
7.816798062647760670e-01
8.715217773677540469e-01
7.494396352201141420e-01
4.520538049279408943e-01
1.848821346741043592e-01
4.831039489474558274e-02
3.176537104149508295e-01
3.288770415391883972e-01
3.423508995060658977e-01
3.986275988127156999e-01
4.913433288646172903e-01
6.070196364519188093e-01
7.255591754962962270e-01
8.180920769639625778e-01
8.469456933955870070e-01
7.134198634123153360e-01
4.288112502793149927e-01
1.752746993625109995e-01
4.579472364953262459e-02
3.176543420085713998e-01
3.288778803621147384e-01
3.423525855762786785e-01
3.986303179190481272e-01
4.913462878833491643e-01
6.070216824290386448e-01
7.255596130212952355e-01
8.180908793585852656e-01
8.469436094267849269e-01
7.134179066216856935e-01
4.288100532891239158e-01
1.752742086966442570e-01
4.579459537937916047e-02
3.225462946794476204e-01
3.614005845289999796e-01
4.047895490677742014e-01
4.397753105269278651e-01
4.414987498689465495e-01
4.667095646390467256e-01
6.010392441082998971e-01
7.816797958613844743e-01
8.715201721798826462e-01
7.494379035408494927e-01
4.520527248227653727e-01
1.848816905453228299e-01
4.831027871993577583e-02
8.555797110730993527e-02
3.344884349422004577e-02
-8.508420330982285895e-02
-1.332905438476177651e-01
8.935037697562819847e-03
2.778911768556595052e-01
4.770800483558588212e-01
5.700795711582224978e-01
5.924679679383465514e-01
4.989913224208388787e-01
2.999084979996042843e-01
1.225850632398987339e-01
3.202822921237837017e-02
2.160349105421877081e-01
1.739033043712219229e-01
2.196010417826456118e-01
4.539570647495503319e-01
7.832751610514208096e-01
9.531183976529495894e-01
7.260832490868831535e-01
2.818758676390357154e-01
-5.098678633049469333e-03
-7.641867842435312586e-02
-5.341538825384406497e-02
-2.233674596192181117e-02
-5.861845393796680237e-03
