0.000000000000000000e+00
4.028340988815936052e-01
3.862485101085630368e-01
3.351543353192273922e-01
3.104552338050373117e-01
3.776739205976348268e-01
5.134742395991026553e-01
6.530353109297261094e-01
7.439615082564480231e-01
7.655481615771305703e-01
6.958659725517413186e-01
5.350031513137980532e-01
3.178662919552943111e-01
1.505122201901006596e-01
4.028344012235087201e-01
3.862488000023793777e-01
3.351545868649726256e-01
3.104554668131918604e-01
3.776742040559040170e-01
5.134746249805423046e-01
6.530358010569201621e-01
7.439620666271218319e-01
7.655487361493874543e-01
6.958664948249336790e-01
5.350035528534835549e-01
3.178665305257225016e-01
1.505123331550979882e-01
4.028344052914705209e-01
3.862488039028539877e-01
3.351545902494801332e-01
3.104554699482790503e-01
3.776742078697893912e-01
5.134746301657875378e-01
6.530358076515027088e-01
7.439620741399093351e-01
7.655487438801645839e-01
6.958665018520353573e-01
5.350035582561353253e-01
3.178665337356492149e-01
1.505123346750238400e-01
4.028344145655499697e-01
3.862488127950987060e-01
3.351545979654306229e-01
3.104554770956047816e-01
3.776742165646292393e-01
5.134746419870334089e-01
6.530358226857349013e-01
7.439620912674518305e-01
7.655487615046767669e-01
6.958665178723185685e-01
5.350035705730215030e-01
3.178665410535929103e-01
1.505123381401284322e-01
4.028344090362691032e-01
3.862488074934707916e-01
3.351545933651188247e-01
3.104554728343116299e-01
3.776742113806956791e-01
5.134746349391113851e-01
6.530358137222045389e-01
7.439620810558730257e-01
7.655487509968007531e-01
6.958665083208966928e-01
5.350035632295947474e-01
3.178665366905759071e-01
1.505123360742051664e-01
4.028342343336004383e-01
3.862486399837051776e-01
3.351544480140749016e-01
3.104553381948707003e-01
3.776740475895916660e-01
5.134744122535934707e-01
6.530355305112950370e-01
7.439617584117342863e-01
7.655484189908776660e-01
6.958662065350181836e-01
5.350033312073341207e-01
3.178663988370783455e-01
1.505122707994764331e-01
4.028344042220455834e-01
3.862488028774597182e-01
3.351545893597282499e-01
3.104554691240971609e-01
3.776742068671585240e-01
5.134746288026403871e-01
6.530358059178553720e-01
7.439620721648754209e-01
7.655487418478235107e-01
6.958665000046833082e-01
5.350035568358342264e-01
3.178665328917927857e-01
1.505123342754511040e-01
4.028343955800609555e-01
3.862487945912850273e-01
3.351545821696750305e-01
3.104554624639128124e-01
3.776741987649342436e-01
5.134746177870970207e-01
6.530357919083136231e-01
7.439620562046974639e-01
7.655487254245478823e-01
6.958664850762970033e-01
5.350035453584319756e-01
3.178665260726192821e-01
1.505123310465181496e-01
4.028344299892235858e-01
3.862488275837448470e-01
3.351546107977878552e-01
3.104554889822851438e-01
3.776742310249722734e-01
5.134746616468861546e-01
6.530358476890886221e-01
7.439621197521790741e-01
7.655487908159118726e-01
6.958665445155686191e-01
5.350035910571712128e-01
3.178665532240271818e-01
1.505123439029259769e-01
4.028344159750455455e-01
3.862488141465621472e-01
3.351545991381181810e-01
3.104554781818714693e-01
3.776742178860906241e-01
5.134746437836530397e-01
6.530358249706714746e-01
7.439620938705343578e-01
7.655487641832899870e-01
6.958665203071173755e-01
5.350035724449696550e-01
3.178665421657905221e-01
1.505123386667628627e-01
4.028341968161617825e-01
3.862486040109440744e-01
3.351544167999044310e-01
3.104553092810194981e-01
3.776740124154139844e-01
5.134743644318268130e-01
6.530354696916863544e-01
7.439616891238305385e-01
7.655483476925285524e-01
6.958661417264306870e-01
5.350032813804997955e-01
3.178663692330077062e-01
1.505122567817132606e-01
4.028343922602325433e-01
3.862487914081415008e-01
3.351545794076077334e-01
3.104554599053953035e-01
3.776741956524554134e-01
5.134746135554633106e-01
6.530357865265319361e-01
7.439620500735765196e-01
7.655487191155274651e-01
6.958664793415401117e-01
5.350035409493745231e-01
3.178665234530259065e-01
1.505123298061198100e-01
4.028340202909180823e-01
3.862484347536429552e-01
3.351542699324945307e-01
3.104551732369607575e-01
3.776738469155691003e-01
5.134741394231556733e-01
6.530351835261960503e-01
7.439613631137264038e-01
7.655480122229738615e-01
6.958658367921891630e-01
5.350030469376809705e-01
3.178662299413618220e-01
1.505121908260098340e-01
4.737366224751411725e-02
-2.292627998910677645e-02
-1.183015445379429903e-01
-1.507595367689725241e-01
-5.014743196519890617e-02
1.647198561437773212e-01
3.982212415087172386e-01
5.119086690578262822e-01
5.329608699752352852e-01
4.849909581962632554e-01
3.729197040388294582e-01
2.215703339752684020e-01
1.049158213706729570e-01
4.028342114089821790e-01
3.862486180029451877e-01
3.351544289409993937e-01
3.104553205273799521e-01
3.776740260967972884e-01
5.134743830326289338e-01
6.530354933481421487e-01
7.439617160741228696e-01
7.655483754248056938e-01
6.958661669344435863e-01
5.350033007611950664e-01
3.178663807478365744e-01
1.505122622340764327e-01
4.028342351971975210e-01
3.862486408117459802e-01
3.351544487325798238e-01
3.104553388604256448e-01
3.776740483992502284e-01
5.134744133543812650e-01
6.530355319112741697e-01
7.439617600066413816e-01
7.655484206320622986e-01
6.958662080268178673e-01
5.350033323542756625e-01
3.178663995185211366e-01
1.505122711221450194e-01
4.028343927934114332e-01
3.862487919193682284e-01
3.351545798512077790e-01
3.104554603163043325e-01
3.776741961523330526e-01
5.134746142350821163e-01
6.530357873908695376e-01
7.439620510582612978e-01
7.655487201287837218e-01
6.958664802625670331e-01
5.350035416574884239e-01
3.178665238737440335e-01
1.505123300053332058e-01
4.028344042232184785e-01
3.862488028785842631e-01
3.351545893607040805e-01
3.104554691250010490e-01
3.776742068682581444e-01
5.134746288041354134e-01
6.530358059197567400e-01
7.439620721670414660e-01
7.655487418500523944e-01
6.958665000067093542e-01
5.350035568373919803e-01
3.178665328927182676e-01
1.505123342758893368e-01
4.028343992978541399e-01
3.862487981560083217e-01
3.351545852628454170e-01
3.104554653291328736e-01
3.776742022505217844e-01
5.134746225259982921e-01
6.530357979352369169e-01
7.439620630707870497e-01
7.655487324898626600e-01
6.958664914985084327e-01
5.350035502960255318e-01
3.178665290062366866e-01
1.505123324356093528e-01
4.028344023646313610e-01
3.862488010965194341e-01
3.351545878143764035e-01
3.104554676926295498e-01
3.776742051257545585e-01
5.134746264350792400e-01
6.530358029067968584e-01
7.439620687345682715e-01
7.655487383179832017e-01
6.958664967961382120e-01
5.350035543690061512e-01
3.178665314261537866e-01
1.505123335814593510e-01
