0.000000000000000000e+00
2.519049999999999900e-01
2.554939999999999989e-01
2.069809999999999983e-01
1.636759999999999882e-01
1.966670000000000085e-01
3.512020000000000142e-01
6.094939999999999802e-01
8.731320000000000192e-01
1.000739999999999963e+00
8.662419999999999565e-01
5.230780000000000429e-01
2.139679999999999915e-01
5.591259999999999980e-02
2.519049999999999900e-01
2.554939999999999989e-01
2.069809999999999983e-01
1.636759999999999882e-01
1.966670000000000085e-01
3.512020000000000142e-01
6.094939999999999802e-01
8.731320000000000192e-01
1.000739999999999963e+00
8.662419999999999565e-01
5.230780000000000429e-01
2.139679999999999915e-01
5.591259999999999980e-02
2.519049999999999900e-01
2.554939999999999989e-01
2.069809999999999983e-01
1.636759999999999882e-01
1.966670000000000085e-01
3.512020000000000142e-01
6.094939999999999802e-01
8.731320000000000192e-01
1.000739999999999963e+00
8.662419999999999565e-01
5.230780000000000429e-01
2.139679999999999915e-01
5.591259999999999980e-02
2.519049999999999900e-01
2.554939999999999989e-01
2.069809999999999983e-01
1.636759999999999882e-01
1.966670000000000085e-01
3.512020000000000142e-01
6.094939999999999802e-01
8.731320000000000192e-01
1.000739999999999963e+00
8.662419999999999565e-01
5.230780000000000429e-01
2.139679999999999915e-01
5.591259999999999980e-02
2.519049999999999900e-01
2.554939999999999989e-01
2.069809999999999983e-01
1.636759999999999882e-01
1.966670000000000085e-01
3.512020000000000142e-01
6.094939999999999802e-01
8.731320000000000192e-01
1.000739999999999963e+00
8.662419999999999565e-01
5.230780000000000429e-01
2.139679999999999915e-01
5.591259999999999980e-02
2.519049999999999900e-01
2.554939999999999989e-01
2.069809999999999983e-01
1.636759999999999882e-01
1.966670000000000085e-01
3.512020000000000142e-01
6.094939999999999802e-01
8.731320000000000192e-01
1.000739999999999963e+00
8.662419999999999565e-01
5.230780000000000429e-01
2.139679999999999915e-01
5.591259999999999980e-02
2.519049999999999900e-01
2.554939999999999989e-01
2.069809999999999983e-01
1.636759999999999882e-01
1.966670000000000085e-01
3.512020000000000142e-01
6.094939999999999802e-01
8.731320000000000192e-01
1.000739999999999963e+00
8.662419999999999565e-01
5.230780000000000429e-01
2.139679999999999915e-01
5.591259999999999980e-02
2.519049999999999900e-01
2.554939999999999989e-01
2.069809999999999983e-01
1.636759999999999882e-01
1.966670000000000085e-01
3.512020000000000142e-01
6.094939999999999802e-01
8.731320000000000192e-01
1.000739999999999963e+00
8.662419999999999565e-01
5.230780000000000429e-01
2.139679999999999915e-01
5.591259999999999980e-02
2.519049999999999900e-01
2.554939999999999989e-01
2.069809999999999983e-01
1.636759999999999882e-01
1.966670000000000085e-01
3.512020000000000142e-01
6.094939999999999802e-01
8.731320000000000192e-01
1.000739999999999963e+00
8.662419999999999565e-01
5.230780000000000429e-01
2.139679999999999915e-01
5.591259999999999980e-02
2.519049999999999900e-01
2.554939999999999989e-01
2.069809999999999983e-01
1.636759999999999882e-01
1.966670000000000085e-01
3.512020000000000142e-01
6.094939999999999802e-01
8.731320000000000192e-01
1.000739999999999963e+00
8.662419999999999565e-01
5.230780000000000429e-01
2.139679999999999915e-01
5.591259999999999980e-02
2.519049999999999900e-01
2.554939999999999989e-01
2.069809999999999983e-01
1.636759999999999882e-01
1.966670000000000085e-01
3.512020000000000142e-01
6.094939999999999802e-01
8.731320000000000192e-01
1.000739999999999963e+00
8.662419999999999565e-01
5.230780000000000429e-01
2.139679999999999915e-01
5.591259999999999980e-02
2.519049999999999900e-01
2.554939999999999989e-01
2.069809999999999983e-01
1.636759999999999882e-01
1.966670000000000085e-01
3.512020000000000142e-01
6.094939999999999802e-01
8.731320000000000192e-01
1.000739999999999963e+00
8.662419999999999565e-01
5.230780000000000429e-01
2.139679999999999915e-01
5.591259999999999980e-02
2.519049999999999900e-01
2.554939999999999989e-01
2.069809999999999983e-01
1.636759999999999882e-01
1.966670000000000085e-01
3.512020000000000142e-01
6.094939999999999802e-01
8.731320000000000192e-01
1.000739999999999963e+00
8.662419999999999565e-01
5.230780000000000429e-01
2.139679999999999915e-01
5.591259999999999980e-02
2.519049999999999900e-01
2.554939999999999989e-01
2.069809999999999983e-01
1.636759999999999882e-01
1.966670000000000085e-01
3.512020000000000142e-01
6.094939999999999802e-01
8.731320000000000192e-01
1.000739999999999963e+00
8.662419999999999565e-01
5.230780000000000429e-01
2.139679999999999915e-01
5.591259999999999980e-02
2.519049999999999900e-01
2.554939999999999989e-01
2.069809999999999983e-01
1.636759999999999882e-01
1.966670000000000085e-01
3.512020000000000142e-01
6.094939999999999802e-01
8.731320000000000192e-01
1.000739999999999963e+00
8.662419999999999565e-01
5.230780000000000429e-01
2.139679999999999915e-01
5.591259999999999980e-02
2.519049999999999900e-01
2.554939999999999989e-01
2.069809999999999983e-01
1.636759999999999882e-01
1.966670000000000085e-01
3.512020000000000142e-01
6.094939999999999802e-01
8.731320000000000192e-01
1.000739999999999963e+00
8.662419999999999565e-01
5.230780000000000429e-01
2.139679999999999915e-01
5.591259999999999980e-02
2.519049999999999900e-01
2.554939999999999989e-01
2.069809999999999983e-01
1.636759999999999882e-01
1.966670000000000085e-01
3.512020000000000142e-01
6.094939999999999802e-01
8.731320000000000192e-01
1.000739999999999963e+00
8.662419999999999565e-01
5.230780000000000429e-01
2.139679999999999915e-01
5.591259999999999980e-02
2.519049999999999900e-01
2.554939999999999989e-01
2.069809999999999983e-01
1.636759999999999882e-01
1.966670000000000085e-01
3.512020000000000142e-01
6.094939999999999802e-01
8.731320000000000192e-01
1.000739999999999963e+00
8.662419999999999565e-01
5.230780000000000429e-01
2.139679999999999915e-01
5.591259999999999980e-02
2.519049999999999900e-01
2.554939999999999989e-01
2.069809999999999983e-01
1.636759999999999882e-01
1.966670000000000085e-01
3.512020000000000142e-01
6.094939999999999802e-01
8.731320000000000192e-01
1.000739999999999963e+00
8.662419999999999565e-01
5.230780000000000429e-01
2.139679999999999915e-01
5.591259999999999980e-02
2.519049999999999900e-01
2.554939999999999989e-01
2.069809999999999983e-01
1.636759999999999882e-01
1.966670000000000085e-01
3.512020000000000142e-01
6.094939999999999802e-01
8.731320000000000192e-01
1.000739999999999963e+00
8.662419999999999565e-01
5.230780000000000429e-01
2.139679999999999915e-01
5.591259999999999980e-02
