9.650350992148841456e-02 0.000000000000000000e+00 1.074806945757722954e+00 6.544272225576766022e-01 4.268326103390362447e-01 0.000000000000000000e+00 8.221195874676325843e-01 0.000000000000000000e+00
5.592429964628130995e-02 0.000000000000000000e+00 6.228460773010426887e-01 1.129303071554285554e+00 2.135760113838286733e-01 0.000000000000000000e+00 8.221174606662040585e-01 3.813753230217554330e-02
3.712303479674560619e-02 0.000000000000000000e+00 4.134532493789453977e-01 1.701237768131707018e+00 1.469760054833166296e-01 0.000000000000000000e+00 8.221178974965711594e-01 2.928919693264072505e-02
8.904826255391612433e-02 0.000000000000000000e+00 9.917523878454176378e-01 7.092319158733538798e-01 3.347857534629353760e-01 0.000000000000000000e+00 8.221175214448274149e-01 4.188854995159013023e-02
5.108216313421793525e-02 0.000000000000000000e+00 5.689191394897950005e-01 1.236349810911763880e+00 2.234236567167584564e-01 0.000000000000000000e+00 8.221184029935023618e-01 3.102378758859417832e-03
8.274235160255087596e-02 0.000000000000000000e+00 9.217206766606481638e-01 7.631070602339093956e-01 3.003070467284862932e-01 0.000000000000000000e+00 8.221535092192896466e-01 5.017308787756515759e-02
1.155184122354015741e-01 0.000000000000000000e+00 1.286479821428410109e+00 5.467529294110254900e-01 5.108905820581715052e-01 0.000000000000000000e+00 8.221123210272249793e-01 0.000000000000000000e+00
8.540680755962237747e-02 0.000000000000000000e+00 9.512330589043840323e-01 7.394445861961861377e-01 2.885788968705259028e-01 0.000000000000000000e+00 8.221175390670891758e-01 6.594679236277380119e-02
7.507548954272852404e-02 0.000000000000000000e+00 8.361106093658190463e-01 8.412592348279549492e-01 0.000000000000000000e+00 0.000000000000000000e+00 8.221196317840244738e-01 2.793331413652424544e-01
9.454268364417864334e-02 0.000000000000000000e+00 1.052968112092999675e+00 6.679992871806033072e-01 4.181592973992377393e-01 0.000000000000000000e+00 8.221186637263829811e-01 0.000000000000000000e+00
1.037012586784687995e-01 0.000000000000000000e+00 1.154955943315120637e+00 6.090124870415690728e-01 4.586653352300234521e-01 0.000000000000000000e+00 8.221183493593519076e-01 0.000000000000000000e+00
5.331876565764220866e-02 0.000000000000000000e+00 5.938303587902160618e-01 1.184484682926479238e+00 7.822505358356521277e-02 0.000000000000000000e+00 8.221184229052217463e-01 1.866741727329422063e-01
5.672990811877263312e-02 0.000000000000000000e+00 6.318243659158022663e-01 1.113249907035960939e+00 2.417768327536661266e-01 0.000000000000000000e+00 8.221239628172806180e-01 1.016610649865555202e-02
8.272173316599960857e-02 0.000000000000000000e+00 9.212371898631765976e-01 7.635196674599000755e-01 3.648659373754247759e-01 0.000000000000000000e+00 8.221087411434913061e-01 7.535933479210630464e-04
7.594141218998529119e-02 0.000000000000000000e+00 8.457858985578191602e-01 8.316317398325934196e-01 7.564684449916851683e-02 0.000000000000000000e+00 8.221028762481731311e-01 2.164207666068854174e-01
9.390162870462770428e-02 0.000000000000000000e+00 1.045876433870497113e+00 6.725275090772205866e-01 4.102636384245723078e-01 0.000000000000000000e+00 8.221184545358685147e-01 3.415834274360088438e-03
5.654161453270602211e-02 0.000000000000000000e+00 6.297073666243827583e-01 1.116999062653459829e+00 2.198265024259684342e-01 0.000000000000000000e+00 8.221170890850602042e-01 3.378055447697507485e-02
6.712212803059997013e-02 0.000000000000000000e+00 7.475454448955092257e-01 9.409087859718165969e-01 2.966084794974122585e-01 0.000000000000000000e+00 8.221112145757251133e-01 2.350623881328277646e-04
6.228547647058223918e-02 0.000000000000000000e+00 6.936929306050865218e-01 1.013965562422225020e+00 2.753711404562301790e-01 0.000000000000000000e+00 8.221177019475470749e-01 1.134916772536645008e-04
5.988231502808667034e-02 0.000000000000000000e+00 6.669304831243064724e-01 1.054656499191319208e+00 2.440108944766417876e-01 0.000000000000000000e+00 8.221186344941948665e-01 2.198272679632202325e-02
