6.779018710801389958e-01
7.273547404181179843e-01
7.768076097560968618e-01
7.939928679442507242e-01
8.111781261324044756e-01
8.437244184668990510e-01
8.762707108013936264e-01
8.342189602787457581e-01
7.921672097560978898e-01
6.654990351916381108e-01
5.388308606271782208e-01
2.452269006968652021e-02
-4.897854804878051804e-01
-5.561153618466901927e-01
-6.224452432055752604e-01
-4.766220616724741177e-01
-3.307988801393729750e-01
-1.964284832038328266e-01
-6.205808626829265734e-02
-4.596257083797908316e-02
-2.986705540766551245e-02
-2.309339061672473561e-02
-1.631972582578395878e-02
-1.331474980836236388e-02
-1.030977379094076725e-02
