3.035239381571424450e-02 0.000000000000000000e+00 8.947787379459458401e-02 9.986650850705565574e+00
4.269820067627389526e-01 0.000000000000000000e+00 1.258737125747283914e+00 7.099051752680484162e-01
2.322954331418359553e-01 0.000000000000000000e+00 6.848010569109057588e-01 1.304881281186250908e+00
2.420542232311002628e-01 0.000000000000000000e+00 7.135686854164929871e-01 1.252275694422721575e+00
3.563027981940893318e-01 0.000000000000000000e+00 1.050368644388842476e+00 8.507354921581571361e-01
3.031195310741556861e-02 0.000000000000000000e+00 8.935876531809874845e-02 9.999964254909436079e+00
1.457246023899465115e+00 0.000000000000000000e+00 4.295917916380016521e+00 2.080078075148507899e-01
1.534616414621047253e+00 0.000000000000000000e+00 4.524002243969248660e+00 1.975208336992184399e-01
3.218936209822469835e-02 0.000000000000000000e+00 9.489331625154065475e-02 9.416727331781364896e+00
2.027560670962080813e+00 0.000000000000000000e+00 5.977190758457057385e+00 1.494990855532020435e-01
3.271358133761494841e-02 0.000000000000000000e+00 9.643868912595136844e-02 9.265829979798322569e+00
2.966222204489818104e+00 0.000000000000000000e+00 8.744335288392790062e+00 1.021901191776460466e-01
4.169080685263273356e-01 0.000000000000000000e+00 1.229026842324285829e+00 7.270679048494683716e-01
2.097973685157005774e-01 0.000000000000000000e+00 6.184766579956735288e-01 1.444814752475824360e+00
3.068858901009034468e-01 0.000000000000000000e+00 9.046895489837585291e-01 9.877254913057350594e-01
4.504551737001046274e-01 0.000000000000000000e+00 1.327935968168556968e+00 6.729125822971324666e-01
4.321496339129171083e-01 0.000000000000000000e+00 1.273963601459097372e+00 7.014212818549373507e-01
2.727975842833191278e-01 0.000000000000000000e+00 8.041990929488165296e-01 1.111148534058613135e+00
6.656922184612096283e-01 0.000000000000000000e+00 1.962435920799916689e+00 4.553447919361799934e-01
3.038934704959444719e-02 0.000000000000000000e+00 8.958691641000440797e-02 9.974497984306232468e+00
