3.532648610320006655e-01 0.000000000000000000e+00 1.041414305670048890e+00 8.580491311327355097e-01
1.065192787065532665e+00 0.000000000000000000e+00 3.140161867404609453e+00 2.845662099738897055e-01
6.272371659016259815e-02 0.000000000000000000e+00 1.849074047125787990e-01 4.832605419510626277e+00
6.001185186629864193e-02 0.000000000000000000e+00 1.769132343607424940e-01 5.050976174861189882e+00
1.683208775416175529e+00 0.000000000000000000e+00 4.962048906338192289e+00 1.800838037493786015e-01
2.809313903537067891e-01 0.000000000000000000e+00 8.281775294497479845e-01 1.078977003500552145e+00
9.449049896497963008e-01 0.000000000000000000e+00 2.785552908972368957e+00 3.207925769181296238e-01
3.392163490123564440e+00 0.000000000000000000e+00 1.000000000000000000e+01 8.935845712698713139e-02
3.031224028479983026e-02 0.000000000000000000e+00 8.936061879741954983e-02 9.999708879486265189e+00
1.900643554548122838e+00 0.000000000000000000e+00 5.603040616510379657e+00 1.594820844052668996e-01
3.373751264023005625e+00 0.000000000000000000e+00 9.945719506735972715e+00 8.984614544183441853e-02
3.031185776723286859e-02 0.000000000000000000e+00 8.935846953947711169e-02 1.000000000000000000e+01
5.426083302858573099e-01 0.000000000000000000e+00 1.599595010737966616e+00 5.586317316494997520e-01
1.703691026671570741e-01 0.000000000000000000e+00 5.022430576874281627e-01 1.779187441561333793e+00
3.110976801809016076e-02 0.000000000000000000e+00 9.171217250567408052e-02 9.743329115339207647e+00
8.715653066671155691e-02 0.000000000000000000e+00 2.569348832813093675e-01 3.477865799649856982e+00
6.667405846444747208e-01 0.000000000000000000e+00 1.965530626016033011e+00 4.546278045534511980e-01
5.348589196903163340e-02 1.077176654558441582e-01 1.443200384361302824e-01 6.258242209772827636e+00
1.065599672051505964e+00 0.000000000000000000e+00 3.141357160796836467e+00 2.844580230323903169e-01
3.392175923947581051e+00 0.000000000000000000e+00 1.000000000000000000e+01 8.935729646933120163e-02
