3.031182648413302538e-02 0.000000000000000000e+00 8.935843465369097682e-02 1.000000000000000000e+01 0.000000000000000000e+00
4.327449495123941725e-01 0.000000000000000000e+00 1.275719251584995551e+00 7.004555370716695206e-01 -4.440892098500626162e-16
1.118502428039481883e-01 0.000000000000000000e+00 3.297311230572974039e-01 2.710040160848405488e+00 0.000000000000000000e+00
2.757823667995390249e+00 0.000000000000000000e+00 8.129986060633875411e+00 1.099121904842777775e-01 0.000000000000000000e+00
1.586241127744381973e+00 0.000000000000000000e+00 4.676207517235556388e+00 1.910915659787456866e-01 0.000000000000000000e+00
2.228407776279714536e+00 0.000000000000000000e+00 6.569319015602870238e+00 1.360233939648012591e-01 0.000000000000000000e+00
1.312746410821824805e-01 0.000000000000000000e+00 3.869938063746080070e-01 2.309041081087270353e+00 0.000000000000000000e+00
3.039457664873358722e-02 0.000000000000000000e+00 8.960233266043042544e-02 9.972781354162021827e+00 0.000000000000000000e+00
8.311500480368051447e-01 0.000000000000000000e+00 2.450205442234927311e+00 3.646978520785449374e-01 0.000000000000000000e+00
5.082355781287020591e+00 1.467742529647949823e+00 7.178299199578267675e+00 1.316007505871129135e+00 0.000000000000000000e+00
8.958646538664036263e-02 0.000000000000000000e+00 2.640983823587446655e-01 3.383532088510738500e+00 0.000000000000000000e+00
8.613129199089090970e-02 1.000000000000000000e+01 2.098622907927685521e-01 3.898165871733362042e+00 8.721049978275465797e-01
3.053616734346543959e-02 0.000000000000000000e+00 9.001973876258843876e-02 9.926540341639132237e+00 0.000000000000000000e+00
1.528018705935083377e+00 0.000000000000000000e+00 4.504553460763611739e+00 1.983736173935613800e-01 0.000000000000000000e+00
3.031184673259981407e-02 0.000000000000000000e+00 8.935844934279146834e-02 1.000000000000000000e+01 0.000000000000000000e+00
4.252632477231408914e-01 0.000000000000000000e+00 1.253657358029900637e+00 7.127841349817375383e-01 0.000000000000000000e+00
3.664458054823886701e-02 0.000000000000000000e+00 1.080270906458272590e-01 8.271856573004598090e+00 0.000000000000000000e+00
2.093324059497617462e+00 0.000000000000000000e+00 6.171057747177160380e+00 1.448025074290296421e-01 0.000000000000000000e+00
1.956161678057118047e+00 0.000000000000000000e+00 5.766706669285444953e+00 1.549558218286463951e-01 0.000000000000000000e+00
3.321759381464189226e-02 4.279166056817203245e-02 9.907332400649958293e-02 8.989018556603076249e+00 0.000000000000000000e+00
