0.000000000000000000e+00
4.356510052885144701e-01
5.096655109694336883e-01
7.721838603808166557e-01
1.000821215643185491e+00
9.856664074070291548e-01
7.093524564739792648e-01
2.614034332351864443e-01
-2.028084100649260313e-01
-6.145095574733614452e-01
-7.780952699433605346e-01
-6.350898029097707953e-01
-3.809409052360805958e-01
-1.807495556704130091e-01
4.356515796434073939e-01
5.096658744633623117e-01
7.721838043920112860e-01
1.000820932335839242e+00
9.856664548600273523e-01
7.093533225646506679e-01
2.614052511248580180e-01
-2.028059618262642583e-01
-6.145068162860969352e-01
-7.780926639777593357e-01
-6.350877802662502347e-01
-3.809397016351253051e-01
-1.807489855634633602e-01
6.934907107827839590e-02
9.956781335237652186e-02
2.809322722818258233e-01
4.513143618266056700e-01
4.454460263721257696e-01
2.568608128586195583e-01
-5.234787757083420034e-02
-4.018495268732057979e-01
-7.121110412695285108e-01
-8.102690353936558010e-01
-6.503543935815007115e-01
-3.890829885402257160e-01
-1.845095465366631549e-01
4.223293325143603338e-01
4.444835507787294748e-01
7.167841156349941123e-01
1.007191095555223015e+00
1.075198701930933254e+00
8.865565441366242139e-01
4.814521204097717000e-01
-7.122998113848991175e-02
-6.285162669392401202e-01
-8.752669964939450153e-01
-7.240401058171850313e-01
-4.351841893940060491e-01
-2.065774218882435176e-01
4.172306964876092428e-01
4.498553686300934551e-01
7.285568036590972518e-01
1.015351826449844452e+00
1.067161661109742976e+00
8.529770145892224820e-01
4.254165603560379205e-01
-1.274346239110484558e-01
-6.718671978850699888e-01
-9.062680790477273263e-01
-7.464537828848309964e-01
-4.483618981921071445e-01
-2.128028855038738565e-01
4.356517615487443540e-01
5.096662497301751582e-01
7.721845284702610890e-01
1.000821851357421188e+00
9.856671522015343356e-01
7.093534106842056541e-01
2.614045946119126773e-01
-2.028071144617500932e-01
-6.145082404421763345e-01
-7.780940811170580229e-01
-6.350888902946780767e-01
-3.809403631519405753e-01
-1.807492990032655289e-01
5.154876697420338605e-01
5.334926676086280128e-01
7.112268474180003519e-01
9.059263614514352358e-01
9.745363267259642415e-01
8.830669174351818418e-01
6.391219028434940164e-01
2.846611152306841586e-01
-9.659801176339107009e-02
-3.005685441134110514e-01
-2.668524043882210539e-01
-1.620490535739306237e-01
-7.709140271621842122e-02
4.356533497102779706e-01
5.096681504669600127e-01
7.721869275850333780e-01
1.000824540931940287e+00
9.856696325042650919e-01
7.093551645374932546e-01
2.614053788292978742e-01
-2.028069826455070335e-01
-6.145085528159592858e-01
-7.780945957939056079e-01
-6.350893245490073502e-01
-3.809406249334387207e-01
-1.807494233471508283e-01
4.483977299093887536e-01
4.626567775325154397e-01
6.937595206728087716e-01
9.480008309690663992e-01
1.024204036669865037e+00
8.870210934128688329e-01
5.576135693467101362e-01
8.327546362773627364e-02
-4.106164990532811254e-01
-6.450598506588102188e-01
-5.416473748454244674e-01
-3.262886263927884389e-01
-1.549601448397810444e-01
4.154948808796193327e-01
4.429494207838556852e-01
7.204889537342453742e-01
1.011094965635842113e+00
1.070745857610119200e+00
8.669196614079892615e-01
4.469081466132341363e-01
-1.101790342940095202e-01
-6.646440279429358666e-01
-9.057204649491104043e-01
-7.470488179244896276e-01
-4.488149186929200063e-01
-2.130276121588378646e-01
4.356535964525498628e-01
5.096685254640426210e-01
7.721875275651658432e-01
1.000825267812531116e+00
9.856702268718179338e-01
7.093553799878351551e-01
2.614051231790192054e-01
-2.028075527942428957e-01
-6.145093035755337940e-01
-7.780953627152854546e-01
-6.350899283009502350e-01
-3.809409850281604282e-01
-1.807495939970540921e-01
2.439874363739693575e-01
2.399252329020760688e-01
4.356464052918334606e-01
6.621041670816143476e-01
7.355463620271750491e-01
6.280138107273525172e-01
3.536358605065835770e-01
-6.999910301539369328e-02
-5.128973715302047598e-01
-7.086362107611499095e-01
-5.856002871493046769e-01
-3.519204860817037872e-01
-1.670474426103427112e-01
-7.462713827126066235e-02
-9.026629659509666226e-02
-1.070099396576367212e-01
-1.124278557209485996e-01
-9.982588644945522560e-02
-6.915909281625687299e-02
-3.287391300112574299e-02
-1.777991789814237222e-02
-1.309055565270966781e-02
-9.819634118915843146e-03
-7.212786997326858796e-03
-4.252454319368936808e-03
-2.010164385870094605e-03
4.194722774300121415e-01
4.540171486288346880e-01
7.327763042561886708e-01
1.017805710530003349e+00
1.066832635513070393e+00
8.493504516712677699e-01
4.197302451891429254e-01
-1.307342292930297467e-01
-6.708389250527857506e-01
-9.028139006889033258e-01
-7.433728527553599141e-01
-4.464897591076100181e-01
-2.119121360880577287e-01
4.356517715333008134e-01
5.096659026439989137e-01
7.721835197478500445e-01
1.000820476048422281e+00
9.856662261055570973e-01
7.093536786687575368e-01
2.614063002400629498e-01
-2.028044526837958217e-01
-6.145050786691050870e-01
-7.780909894066602162e-01
-6.350864769109766383e-01
-3.809389257050257993e-01
-1.807486179943296745e-01
-5.385767019622170193e-02
-4.847725564059963271e-02
-7.951079768311542645e-03
2.897769860365349143e-02
2.121756053378053355e-02
-2.942520409058050485e-02
-1.040410953792698101e-01
-1.844052820872834897e-01
-2.495177131128996084e-01
-2.595689887720054045e-01
-2.050741672874893118e-01
-1.223819884278073006e-01
-5.800428149527755983e-02
4.008099668698559825e-01
4.266742585218899486e-01
7.042938473010100786e-01
9.960377393678618851e-01
1.056418202104492110e+00
8.531722278994764430e-01
4.333557182731265223e-01
-1.260721533284120399e-01
-6.829868055207430899e-01
-9.235803880333476323e-01
-7.609812448252115669e-01
-4.571124178452577458e-01
-2.169585660211109102e-01
-7.462721687367235290e-02
-9.026636385041086896e-02
-1.070099855825858981e-01
-1.124278924946864322e-01
-9.982594719938475691e-02
-6.915920426191490833e-02
-3.287407861366631323e-02
-1.778011509671273416e-02
-1.309076082945637154e-02
-9.819821521279692433e-03
-7.212931224032104183e-03
-4.252540024376472161e-03
-2.010204969349782544e-03
4.067200413827284367e-01
4.304532908102703948e-01
7.085143295118568885e-01
1.003073047405105278e+00
1.067683081591631833e+00
8.690405223035368998e-01
4.515838023872296159e-01
-1.115190772135892100e-01
-6.752027973241068182e-01
-9.205426525339521771e-01
-7.593263215897820828e-01
-4.561957990861770229e-01
-2.165313854268779703e-01
-7.462709412222068295e-02
-9.026625881933370010e-02
-1.070099138624733826e-01
-1.124278350657448300e-01
-9.982585232754459525e-02
-6.915903022011349321e-02
-3.287381998111271741e-02
-1.777980713719529149e-02
-1.309044041067863873e-02
-9.819528860266046877e-03
-7.212705989228851422e-03
-4.252406181270984575e-03
-2.010141591268332917e-03
