0.000000000000000000e+00
2.250203461010716888e-01
3.889867684218852872e-01
4.673174184268942821e-01
3.978714464969369535e-01
1.781269865855287238e-01
-1.558945319892287573e-01
-4.423449765794366106e-01
-3.958453491636870769e-01
-1.823470581583629957e-01
-3.463153166009549921e-02
-4.447725643475595320e-03
-4.709014379406993535e-04
0.000000000000000000e+00
2.250203253191275232e-01
3.889867478744170048e-01
4.673173936138445006e-01
3.978714160440859349e-01
1.781269523709313463e-01
-1.558945666058471069e-01
-4.423450069652387073e-01
-3.958453702351968362e-01
-1.823470675329613155e-01
-3.463153343236599624e-02
-4.447725871089708641e-03
-4.709014620577985132e-04
0.000000000000000000e+00
2.250198411365143536e-01
3.889862691546774887e-01
4.673168155135881130e-01
3.978707065464152093e-01
1.781261552312111140e-01
-1.558953731119475661e-01
-4.423457149007884448e-01
-3.958458611641760272e-01
-1.823472859445537664e-01
-3.463157472314003227e-02
-4.447731174096772495e-03
-4.709020239436342240e-04
0.000000000000000000e+00
2.250204857033612504e-01
3.889869064490879547e-01
4.673175851080537679e-01
3.978716510633475423e-01
1.781272164213945075e-01
-1.558942994527948711e-01
-4.423447724634255174e-01
-3.958452076162468636e-01
-1.823469951846882764e-01
-3.463151975490428441e-02
-4.447724114482385499e-03
-4.709012759345740417e-04
0.000000000000000000e+00
2.250203514447225439e-01
3.889867737052455365e-01
4.673174248070612324e-01
3.978714543272632298e-01
1.781269953831109421e-01
-1.558945230882750055e-01
-4.423449687663504326e-01
-3.958453437455803914e-01
-1.823470557478772125e-01
-3.463153120439247529e-02
-4.447725584949291724e-03
-4.709014317394818083e-04
0.000000000000000000e+00
2.250203307111753870e-01
3.889867532056281441e-01
4.673174000517961724e-01
3.978714239453308155e-01
1.781269612481924947e-01
-1.558945576242782849e-01
-4.423449990813901334e-01
-3.958453647680187926e-01
-1.823470651006439958e-01
-3.463153297253571128e-02
-4.447725812033338604e-03
-4.709014558004169645e-04
0.000000000000000000e+00
2.950083711758340332e-02
1.217489404809545539e-01
1.456771080346265235e-01
8.111522979353019691e-02
-5.837547844110255180e-02
-2.459491929032007751e-01
-3.857569559812040749e-01
-3.170477858765750612e-01
-1.445210926888201852e-01
-2.741003285322454047e-02
-3.520275933001417671e-03
-3.727932809310565820e-04
0.000000000000000000e+00
2.250203690128407263e-01
3.889867910751483304e-01
4.673174457828942474e-01
3.978714800707298105e-01
1.781270243065882219e-01
-1.558944938249473555e-01
-4.423449430795640680e-01
-3.958453259326766283e-01
-1.823470478230146408e-01
-3.463152970619494397e-02
-4.447725392534586895e-03
-4.709014113519740998e-04
0.000000000000000000e+00
2.250203698542527775e-01
3.889867919070670310e-01
4.673174467875162996e-01
3.978714813036942077e-01
1.781270256918567885e-01
-1.558944924234018092e-01
-4.423449418493142771e-01
-3.958453250795406775e-01
-1.823470474434592259e-01
-3.463152963443987681e-02
-4.447725383319026289e-03
-4.709014103755294260e-04
0.000000000000000000e+00
2.250203346719635289e-01
3.889867571217280329e-01
4.673174047808645315e-01
3.978714297492773611e-01
1.781269677690825448e-01
-1.558945510267678580e-01
-4.423449932902223658e-01
-3.958453607520429074e-01
-1.823470633139584740e-01
-3.463153263476230481e-02
-4.447725768652830217e-03
-4.709014512039884207e-04
0.000000000000000000e+00
-3.377287977451255696e-02
4.297694683431042134e-02
5.078811518569470440e-02
-1.823737348373641320e-02
-1.438194746746432606e-01
-2.996705797315217801e-01
-4.031664691341655393e-01
-3.204458095185114819e-01
-1.454255114844288377e-01
-2.756555465360047835e-02
-3.540252604686154689e-03
-3.749451905651361629e-04
0.000000000000000000e+00
2.250203816302288606e-01
3.889868035501786725e-01
4.673174608476964309e-01
3.978714985596372156e-01
1.781270450793731586e-01
-1.558944728080825515e-01
-4.423449246313641003e-01
-3.958453131394838453e-01
-1.823470421313938550e-01
-3.463152863019239996e-02
-4.447725254342720959e-03
-4.709013967097058534e-04
0.000000000000000000e+00
2.250203851377621245e-01
3.889868070181375925e-01
4.673174650355913506e-01
3.978715036994060483e-01
1.781270508540415687e-01
-1.558944669655618620e-01
-4.423449195029117709e-01
-3.958453095830782864e-01
-1.823470405491686430e-01
-3.463152833107227546e-02
-4.447725215926484621e-03
-4.709013926392720847e-04
0.000000000000000000e+00
2.250203525758321388e-01
3.889867748235931177e-01
4.673174261575738786e-01
3.978714559847361665e-01
1.781269972453264350e-01
-1.558945212041785711e-01
-4.423449671125269100e-01
-3.958453425987105145e-01
-1.823470552376411369e-01
-3.463153110793220496e-02
-4.447725572560821267e-03
-4.709014304268481044e-04
0.000000000000000000e+00
2.250203406834780373e-01
3.889867630654165742e-01
4.673174119584416752e-01
3.978714385582585722e-01
1.781269776662099957e-01
-1.558945410133494303e-01
-4.423449845006361958e-01
-3.958453546567669012e-01
-1.823470606022038198e-01
-3.463153212210431237e-02
-4.447725702811755437e-03
-4.709014442277262963e-04
0.000000000000000000e+00
2.250203579736109183e-01
3.889867801604705577e-01
4.673174326023681324e-01
3.978714638943789961e-01
1.781270061320228137e-01
-1.558945122130636074e-01
-4.423449592202990388e-01
-3.958453371257216746e-01
-1.823470528027386350e-01
-3.463153064761318595e-02
-4.447725513441682862e-03
-4.709014241628159511e-04
0.000000000000000000e+00
2.250199890683460824e-01
3.889864154174429434e-01
4.673169921399839000e-01
3.978709233185321326e-01
1.781263987805160598e-01
-1.558951267009416330e-01
-4.423454986059447425e-01
-3.958457111711337628e-01
-1.823472192134773795e-01
-3.463156210761095255e-02
-4.447729553874304152e-03
-4.709018522712142378e-04
0.000000000000000000e+00
2.250202196023009527e-01
3.889866433503587073e-01
4.673172673909631314e-01
3.978712611317859471e-01
1.781267783227947765e-01
-1.558947426990467955e-01
-4.423451615364638601e-01
-3.958454774250305119e-01
-1.823471152211265101e-01
-3.463154244782727653e-02
-4.447727028952595807e-03
-4.709015847404101414e-04
0.000000000000000000e+00
2.250203829053877280e-01
3.889868048109502707e-01
4.673174623701997765e-01
3.978715004281930812e-01
1.781270471787458343e-01
-1.558944706840422745e-01
-4.423449227669224992e-01
-3.958453118465576348e-01
-1.823470415561780633e-01
-3.463152852144769228e-02
-4.447725240376552459e-03
-4.709013952299053048e-04
0.000000000000000000e+00
2.250203616670615747e-01
3.889867838122492705e-01
4.673174370122430976e-01
3.978714693065821262e-01
1.781270122127787126e-01
-1.558945060608589728e-01
-4.423449538200120434e-01
-3.958453333808081842e-01
-1.823470511366472868e-01
-3.463153033263814684e-02
-4.447725472989187342e-03
-4.709014198766280101e-04
0.000000000000000000e+00
