0.000000000000000000e+00
2.363341605719495586e-01
2.442155941451439327e-01
4.099177465603745518e-01
5.914601776687107293e-01
6.392311234458936120e-01
5.316640495536586464e-01
2.894476659610558666e-01
-5.429468223037658969e-02
-4.048476571756303710e-01
-5.593524426637752622e-01
-4.622269114244134669e-01
-2.777775905896663344e-01
-1.318536817327343735e-01
-5.903828683170919689e-02
-5.678730165882950320e-02
-5.129625294438211469e-02
-4.967721727681628785e-02
-5.961368054703064523e-02
-7.760517521113952100e-02
-9.475102598087459249e-02
-1.040240816550030978e-01
-1.034806056022116727e-01
-9.210847627416318684e-02
-7.048738919857877594e-02
-4.184715864075692210e-02
-1.981165816530355145e-02
2.354139198313031645e-01
2.435170737945859254e-01
4.113784289243598846e-01
5.950234693617975079e-01
6.427278620692467026e-01
5.328961757309950142e-01
2.869780924822910029e-01
-6.111675142955630413e-02
-4.155102937163899224e-01
-5.710418978582886274e-01
-4.715500133736578725e-01
-2.833496949416333122e-01
-1.344954971267285360e-01
2.354139479251436406e-01
2.435171007317396552e-01
4.113784522981816516e-01
5.950234910130923760e-01
6.427278884084044464e-01
5.328962115409312528e-01
2.869781380252823810e-01
-6.111669954532894522e-02
-4.155102403266992539e-01
-5.710418493282667374e-01
-4.715499760622852143e-01
-2.833496727734878262e-01
-1.344954866299351293e-01
5.953805213487597392e-01
5.886630381282257352e-01
7.108673932490154890e-01
8.724416813413022886e-01
9.802116998494854183e-01
9.917291730080650680e-01
8.705208019969696842e-01
6.036762651755017695e-01
2.685722374941971191e-01
5.077365833849940141e-02
6.520901462586239233e-03
6.909291509542229287e-04
0.000000000000000000e+00
2.354138931791243117e-01
2.435170482397374658e-01
4.113784067499876018e-01
5.950234488215592199e-01
6.427278370817074427e-01
5.328961417586790539e-01
2.869780492763808200e-01
-6.111680065129587724e-02
-4.155103443663387131e-01
-5.710419438979471574e-01
-4.715500487703626620e-01
-2.833497159721996561e-01
-1.344955070848691536e-01
2.354139279799628559e-01
2.435170816077469880e-01
4.113784357039712569e-01
5.950234756417874804e-01
6.427278697089582327e-01
5.328961861177196058e-01
2.869781056921025808e-01
-6.111673638045989065e-02
-4.155102782306316911e-01
-5.710418837820844251e-01
-4.715500025514394178e-01
-2.833496885117300912e-01
-1.344954940821181666e-01
2.354139736917317260e-01
2.435171254374591254e-01
4.113784737357504273e-01
5.950235108708257226e-01
6.427279125656651937e-01
5.328962443844249552e-01
2.869781797955592850e-01
-6.111665195911475390e-02
-4.155101913597321062e-01
-5.710418048184005002e-01
-4.715499418417317679e-01
-2.833496524417189466e-01
-1.344954770026806912e-01
2.792374701840360518e-01
2.851135492912261760e-01
4.427193486110874154e-01
6.189717847169147191e-01
6.737886893501631169e-01
5.832249865455878535e-01
3.602691394959915416e-01
3.159778270187907356e-02
-3.117286008013095966e-01
-4.721133359973573862e-01
-3.947182453165917759e-01
-2.376253114289375856e-01
-1.128368653218319306e-01
2.354130968457904816e-01
2.435162846932437675e-01
4.113777442078395130e-01
5.950228351052625486e-01
6.427270904856940970e-01
5.328951267089248045e-01
2.869767583385290921e-01
-6.111827133451208649e-02
-4.155118577226345478e-01
-5.710433195046084043e-01
-4.715511063790513990e-01
-2.833503443388763476e-01
-1.344958046214938252e-01
