0.000000000000000000e+00
4.028361378069181820e-01
3.862504650867316092e-01
3.351560316866993849e-01
3.104568051592005440e-01
3.776758321759329240e-01
5.134768385241528232e-01
6.530386162363945868e-01
7.439652737816703221e-01
7.655520363621555191e-01
6.958694946437338213e-01
5.350058592063944296e-01
3.178679008201701905e-01
1.505129820004296737e-01
4.028343699765562502e-01
3.862487700419344194e-01
3.351545608677901078e-01
3.104554427318641507e-01
3.776741747605710797e-01
5.134745851514781467e-01
6.530357504024115745e-01
7.439620089196685715e-01
7.655486767675051540e-01
6.958664408481450847e-01
5.350035113544691079e-01
3.178665058695353540e-01
1.505123214801970533e-01
4.028344325671779358e-01
3.862488300555589893e-01
3.351546129426226095e-01
3.104554909690569464e-01
3.776742334419129765e-01
5.134746649328868484e-01
6.530358518682165547e-01
7.439621245131932126e-01
7.655487957150706180e-01
6.958665489687931860e-01
5.350035944809471422e-01
3.178665552582263798e-01
1.505123448661354890e-01
4.028342018733245822e-01
3.862486088598920952e-01
3.351544210074182684e-01
3.104553131784618114e-01
3.776740171567168902e-01
5.134743708779613280e-01
6.530354778898649348e-01
7.439616984634929153e-01
7.655483573031888200e-01
6.958661504623036009e-01
5.350032880969074478e-01
3.178663732234880968e-01
1.505122586712375199e-01
4.028343707252615147e-01
3.862487707598137865e-01
3.351545614907061599e-01
3.104554433088745902e-01
3.776741754625138059e-01
5.134745861058186422e-01
6.530357516161394704e-01
7.439620103023913966e-01
7.655486781903487747e-01
6.958664421414778589e-01
5.350035123488231514e-01
3.178665064603199419e-01
1.505123217599382557e-01
4.028343297073062046e-01
3.862487314306602970e-01
3.351545273641374778e-01
3.104554116972534916e-01
3.776741370064544689e-01
5.134745338221031741e-01
6.530356851218350744e-01
7.439619345496685243e-01
7.655486002395984757e-01
6.958663712860079231e-01
5.350034578729597756e-01
3.178664740940793654e-01
1.505123064342656358e-01
4.028344446248699473e-01
3.862488416168086136e-01
3.351546229745135386e-01
3.104555002616506409e-01
3.776742447465066821e-01
5.134746803022764983e-01
6.530358714149695487e-01
7.439621467815631384e-01
7.655488186295755781e-01
6.958665697975602304e-01
5.350036104947435422e-01
3.178665647726489629e-01
1.505123493712903493e-01
4.028343674714490175e-01
3.862487676399681269e-01
3.351545587835635387e-01
3.104554408012340505e-01
3.776741724119276333e-01
5.134745819583322879e-01
6.530357463413763996e-01
7.439620042931899269e-01
7.655486720067854467e-01
6.958664365207585245e-01
5.350035080274413435e-01
3.178665038928180642e-01
1.505123205442056578e-01
4.028343882478923610e-01
3.862487875609983967e-01
3.351545760693769305e-01
3.104554568131743797e-01
3.776741918907176032e-01
5.134746084411163647e-01
6.530357800221178177e-01
7.439620426635120687e-01
7.655487114904538926e-01
6.958664724105205757e-01
5.350035356205936621e-01
3.178665202869888073e-01
1.505123283069760565e-01
4.028342652216071462e-01
3.862486695999829411e-01
3.351544737126177509e-01
3.104553619995669145e-01
3.776740765483977968e-01
5.134744516251258384e-01
6.530355805839157535e-01
7.439618154562797070e-01
7.655484776906174016e-01
6.958662598917545461e-01
5.350033722296333449e-01
3.178664232100303355e-01
1.505122823402632593e-01
4.028343094824374804e-01
3.862487120384950345e-01
3.351545105372291666e-01
3.104553961103992954e-01
3.776741180447888979e-01
5.134745080423860353e-01
6.530356523352525144e-01
7.439618971980046513e-01
7.655485618041454332e-01
6.958663363490500409e-01
5.350034310123524817e-01
3.178664581351423046e-01
1.505122988775818571e-01
4.771894634529126877e-01
5.115744622556016585e-01
5.216957891503553046e-01
5.158003816262896057e-01
5.221390244898791444e-01
5.257723410423236210e-01
5.194794740274620848e-01
5.457692071652640031e-01
5.567048799721908692e-01
5.056040215562382922e-01
3.886893320205685454e-01
2.309322454257587975e-01
1.093478585205392845e-01
4.028343855434283194e-01
3.862487849678832852e-01
3.351545738192872603e-01
3.104554547289044564e-01
3.776741893551687768e-01
5.134746049938595513e-01
6.530357756379048251e-01
7.439620376688576009e-01
7.655487063508754630e-01
6.958664677387599307e-01
5.350035320288004659e-01
3.178665181529640171e-01
1.505123272964983272e-01
1.793092257969412240e-01
9.547073797945729301e-02
-2.723795941597879564e-02
-7.129048157214978865e-02
6.233233341200326155e-02
3.452665333301347950e-01
6.502241540106614703e-01
8.059070425106579227e-01
8.362250386910932143e-01
7.607154644173902414e-01
5.849103689137513662e-01
3.475227701600360208e-01
1.645553625548430710e-01
-6.927105031283055381e-02
-8.514971264492314507e-02
-1.008538931838104391e-01
-1.047055512713317288e-01
-9.085866564392956757e-02
-5.970439670651438158e-02
-2.421147612361808019e-02
-1.162215193219043319e-02
-1.026065239670875991e-02
-9.178285902772377255e-03
-7.044559982166668025e-03
-4.184309659213693820e-03
-1.981165816530355058e-03
4.028344659594833010e-01
3.862488620730278321e-01
3.351546407247193993e-01
3.104555167037601482e-01
3.776742647486046045e-01
5.134747074965344549e-01
6.530359060005618277e-01
7.439621861827240279e-01
7.655488591739935123e-01
6.958666066515194482e-01
5.350036388292003231e-01
3.178665816072577255e-01
1.505123573426116190e-01
4.028343891833255919e-01
3.862487884579177688e-01
3.351545768476489329e-01
3.104554575340919276e-01
3.776741927677256805e-01
5.134746096334704690e-01
6.530357815385509079e-01
7.439620443910875958e-01
7.655487132681564333e-01
6.958664740264119963e-01
5.350035368629406651e-01
3.178665210251157558e-01
1.505123286564850338e-01
6.034705162905686093e-02
-1.722517722369114671e-02
-1.230560290473321494e-01
-1.592229421544921752e-01
-4.730662846359338924e-02
1.915421552926383220e-01
4.509395702917719517e-01
5.777088738760911557e-01
6.012814175226153246e-01
5.471461819729821485e-01
4.207108634613652698e-01
2.499653402234418009e-01
1.183611326073354952e-01
4.028343940138254808e-01
3.862487930895350252e-01
3.351545808665812309e-01
3.104554612568501404e-01
3.776741972965225735e-01
5.134746157906880937e-01
6.530357893692856353e-01
7.439620533121446000e-01
7.655487224480652664e-01
6.958664823707415570e-01
5.350035432783177836e-01
3.178665248367421037e-01
1.505123304613204815e-01
4.028343906917046247e-01
3.862487899041933681e-01
3.351545781026066817e-01
3.104554586965658780e-01
3.776741941818944626e-01
5.134746115561322766e-01
6.530357839837875877e-01
7.439620471767900423e-01
7.655487161346883340e-01
6.958664766320246109e-01
5.350035388662157665e-01
3.178665222153397862e-01
1.505123292200656049e-01
