8.724889099475546805e-02 0.000000000000000000e+00 2.572072138369407290e-01 3.474181392289462433e+00
1.987098208024143275e+00 0.000000000000000000e+00 5.857927076231876917e+00 1.525426470756393316e-01
3.892732464477782761e-02 0.000000000000000000e+00 1.147567815950342462e-01 7.786778146008172641e+00
1.240607747186617482e+00 0.000000000000000000e+00 3.657280905475307264e+00 2.443300820778589733e-01
2.136182085603124392e-01 0.000000000000000000e+00 6.297403232396403538e-01 1.418972972277631639e+00
1.834752646076995841e-01 0.000000000000000000e+00 5.408795975010572965e-01 1.652095326626689342e+00
5.174667927723429095e+00 5.927012424845715666e-01 6.390204211546066659e+00 7.233986849797735541e-01
2.849850244168852798e-01 0.000000000000000000e+00 8.401287399700648750e-01 1.063627573891779976e+00
2.302467292247798170e-01 0.000000000000000000e+00 6.787607452369182059e-01 1.316493982773270011e+00
2.336776489058366213e+00 0.000000000000000000e+00 6.888747456340771791e+00 1.297165619809047821e-01
1.088720130238199468e+00 4.336389148833977636e+00 1.564869348312594610e+00 4.362358807178707387e+00
2.433016071697777338e+00 0.000000000000000000e+00 7.172461187883832245e+00 1.245854654107261678e-01
1.459878118218766452e-01 0.000000000000000000e+00 4.303676106997426087e-01 2.076328558150698722e+00
3.112589897922327792e-02 0.000000000000000000e+00 9.175824840628321599e-02 9.738465204860176527e+00
5.623428518665870568e-01 0.000000000000000000e+00 1.657771143783704826e+00 5.390276159819745727e-01
3.392164692691647332e+00 0.000000000000000000e+00 1.000000000000000000e+01 8.935845816116448626e-02
6.661658978663779207e-01 0.000000000000000000e+00 1.963841698264394475e+00 4.550188564922466039e-01
9.554585577081331493e-02 0.000000000000000000e+00 2.816663234688892015e-01 3.172494905661041642e+00
2.374904871875078705e+00 0.000000000000000000e+00 7.001147605157686193e+00 1.276340101882164901e-01
3.433836063967421470e-02 0.000000000000000000e+00 1.012284799745420127e-01 8.827402294922029213e+00
