0.000000000000000000e+00
2.354139228129850103e-01
2.435170766535051934e-01
4.113784314050922819e-01
5.950234716597131435e-01
6.427278648646990167e-01
5.328961795316087269e-01
2.869780973159025139e-01
-6.111674592293070418e-02
-4.155102880499851326e-01
-5.710418927076548190e-01
-4.715500094136922948e-01
-2.833496925888628337e-01
-1.344954960126729937e-01
2.354139067469915858e-01
2.435170612489850339e-01
4.113784180383308620e-01
5.950234592780112575e-01
6.427278498021542497e-01
5.328961590530203463e-01
2.869780712712826087e-01
-6.111677559390638059e-02
-4.155103185818885825e-01
-5.710419204604648691e-01
-4.715500307509057909e-01
-2.833497052661357318e-01
-1.344955020154626479e-01
2.354139328369231343e-01
2.435170862647352275e-01
4.113784397449183894e-01
5.950234793849381587e-01
6.427278742625628372e-01
5.328961923086651398e-01
2.869781135657323290e-01
-6.111672741053519875e-02
-4.155102690004374155e-01
-5.710418753920464274e-01
-4.715499961009203544e-01
-2.833496846792244450e-01
-1.344954922673962383e-01
2.354138786364431413e-01
2.435170342958112855e-01
4.113783946506081035e-01
5.950234376138399117e-01
6.427278234473318141e-01
5.328961232217870325e-01
2.869780257012060076e-01
-6.111682750899016803e-02
-4.155103720033309633e-01
-5.710419690193482278e-01
-4.715500680844680881e-01
-2.833497274474649497e-01
-1.344955125184986167e-01
2.354138697905483468e-01
2.435170258141219346e-01
4.113783872909034245e-01
5.950234307965065472e-01
6.427278151539331796e-01
5.328961119463286877e-01
2.869780113611050121e-01
-6.111684384575322149e-02
-4.155103888141186141e-01
-5.710419842999743256e-01
-4.715500798326831000e-01
-2.833497344275388574e-01
-1.344955158236192105e-01
2.354145041073136269e-01
2.435176340146347762e-01
4.113789150367284098e-01
5.950239196502561390e-01
6.427284098525952727e-01
5.328969204809579363e-01
2.869790396535142341e-01
-6.111567237775006323e-02
-4.155091833550105251e-01
-5.710408885648960986e-01
-4.715492373978710794e-01
-2.833492339040760144e-01
-1.344952788217742279e-01
2.354138976769630243e-01
2.435170525523900342e-01
4.113784104921488494e-01
5.950234522879429555e-01
6.427278412986205947e-01
5.328961474918687546e-01
2.869780565678378137e-01
-6.111679234460376531e-02
-4.155103358186210682e-01
-5.710419361282650375e-01
-4.715500427967921904e-01
-2.833497124230678343e-01
-1.344955054043270037e-01
2.354139280105950749e-01
2.435170816371179381e-01
4.113784357294569816e-01
5.950234756653949297e-01
6.427278697376770378e-01
5.328961861567650393e-01
2.869781057417604142e-01
-6.111673632388781030e-02
-4.155102781724181460e-01
-5.710418837291696414e-01
-4.715500025107569049e-01
-2.833496884875590371e-01
-1.344954940706729607e-01
2.354138986389284760e-01
2.435170534747492233e-01
4.113784112924954162e-01
5.950234530293082580e-01
6.427278422005036074e-01
5.328961487180423617e-01
2.869780581272824982e-01
-6.111679056802787890e-02
-4.155103339904964166e-01
-5.710419344665410568e-01
-4.715500415192077632e-01
-2.833497116640049662e-01
-1.344955050449046785e-01
-2.092935923548297494e-02
-1.256006409302377891e-02
7.350827445388956327e-02
1.583565164669824277e-01
1.584172747515149582e-01
7.154572406059112044e-02
-7.386012137626780938e-02
-2.478545897463563241e-01
-4.038086358623525496e-01
-4.486238629632492980e-01
-3.586333360700136308e-01
-2.144210886847763842e-01
-1.016681142445656078e-01
2.354136328591596716e-01
2.435167986377331228e-01
4.113781901661259788e-01
5.950232481987824951e-01
6.427275930207853039e-01
5.328958099407017368e-01
2.869776272710701237e-01
-6.111728141504968459e-02
-4.155108390798472051e-01
-5.710423935813425667e-01
-4.715503945007807896e-01
-2.833499213841598197e-01
-1.344956043490678488e-01
1.990237592432425040e-01
1.965734030896213180e-01
2.351480135482063305e-01
2.868790753065492138e-01
3.228074864636503727e-01
3.288352395906837811e-01
2.920871203520976622e-01
2.075047052927064817e-01
9.971059087760880679e-02
2.822640928770801111e-02
1.120633710656180650e-02
5.630620852370287442e-03
2.560546398101566819e-03
2.354138975848623083e-01
2.435170524640812850e-01
4.113784104155218113e-01
5.950234522169629559e-01
6.427278412122722218e-01
5.328961473744722177e-01
2.869780564185331340e-01
-6.111679251469703811e-02
-4.155103359936498375e-01
-5.710419362873622173e-01
-4.715500429191109566e-01
-2.833497124957422564e-01
-1.344955054387388937e-01
2.354139269765326281e-01
2.435170806456301573e-01
4.113784348691263415e-01
5.950234748684661845e-01
6.427278687682000946e-01
5.328961848386928324e-01
2.869781040654394433e-01
-6.111673823361352120e-02
-4.155102801375560873e-01
-5.710418855154356654e-01
-4.715500038840930719e-01
-2.833496893035117870e-01
-1.344954944570331268e-01
2.354139195735312495e-01
2.435170735474270765e-01
4.113784287098959935e-01
5.950234691631384187e-01
6.427278618275746869e-01
5.328961754024248432e-01
2.869780920644163791e-01
-6.111675190561427495e-02
-4.155102942062610660e-01
-5.710418983035704388e-01
-4.715500137160042460e-01
-2.833496951450346635e-01
-1.344954972230406887e-01
2.354135503544463326e-01
2.435167195299249854e-01
4.113781215229489474e-01
5.950231846142444159e-01
6.427275156691443225e-01
5.328957047757092447e-01
2.869774935224841395e-01
-6.111743378628931023e-02
-4.155109958722631447e-01
-5.710425361021042034e-01
-4.715505040751235000e-01
-2.833499864865615114e-01
-1.344956351755733914e-01
2.354139449852026833e-01
2.435170979128427060e-01
4.113784498521773636e-01
5.950234887473455636e-01
6.427278856520861616e-01
5.328962077935226471e-01
2.869781332593370760e-01
-6.111670497486654252e-02
-4.155102459137792748e-01
-5.710418544067962232e-01
-4.715499799668147474e-01
-2.833496750933215402e-01
-1.344954877283948691e-01
2.354138915319349268e-01
2.435170466603666095e-01
4.113784053795409013e-01
5.950234475521072319e-01
6.427278355373980956e-01
5.328961396590818911e-01
2.869780466061182533e-01
-6.111680369335592555e-02
-4.155103474966667099e-01
-5.710419467433444085e-01
-4.715500509579915733e-01
-2.833497172719555146e-01
-1.344955077003139043e-01
2.354138555075865336e-01
2.435170121192219428e-01
4.113783754076081323e-01
5.950234197889472387e-01
6.427278017630554396e-01
5.328960937404892961e-01
2.869779882069618537e-01
-6.111687022379275191e-02
-4.155104159575385703e-01
-5.710420089727292758e-01
-4.715500988018557216e-01
-2.833497456978659734e-01
-1.344955211602088807e-01
2.346114802647453201e-01
2.426897640719428706e-01
4.100095014031956975e-01
5.930591786764486395e-01
6.406022663760309044e-01
5.311157140937421417e-01
2.859852600845221859e-01
-6.098507117281470880e-02
-4.142273413234578427e-01
-5.692465404820371555e-01
-4.700638798378977135e-01
-2.824563659072130695e-01
-1.340714341124442655e-01
