0.000000000000000000e+00
4.111195334693423797e-02
4.952156157451570451e-02
9.424366091297713133e-02
1.361731038688908935e-01
1.361856681400323288e-01
9.171872030250420582e-02
1.683067467138991621e-02
-6.793918346391399077e-02
-1.447248330218136037e-01
-1.723088868814839081e-01
-1.393259878355067871e-01
-8.344961076854023885e-02
-3.958297984872308217e-02
4.601198767711467408e-02
5.519725404447718697e-02
1.022499753379542825e-01
1.461286655402746493e-01
1.459456175793556743e-01
9.896762534025672908e-02
2.007251430820701163e-02
-6.865732370551529129e-02
-1.489209672511533911e-01
-1.779850213536381953e-01
-1.440025328913680791e-01
-8.625872827469757698e-02
-4.091626497509434635e-02
5.539575779831105301e-02
6.742075488673375527e-02
1.205300712777647443e-01
1.685336365570690997e-01
1.661059243708369881e-01
1.105178527428647556e-01
1.992306083212128445e-02
-7.805034976698063676e-02
-1.649730279299835012e-01
-1.959559362910071323e-01
-1.583855007135690496e-01
-9.485965692904757551e-02
-4.499457460289043448e-02
-4.290103438873320296e-02
-5.732198580385330228e-02
-5.016418463689021473e-02
-2.956218259853240701e-02
-1.049438466090216703e-02
4.125900986319568607e-03
5.138003333262529913e-03
-2.926138032452921256e-02
-7.468021478774723720e-02
-9.309590289618253911e-02
-7.582785150282013442e-02
-4.546869812879357486e-02
-2.157256426137053179e-02
4.605331814320876710e-02
5.524323333215937215e-02
1.023151001223821521e-01
1.462115554662965500e-01
1.460297924728957697e-01
9.903458440722602563e-02
2.010864010413904168e-02
-6.865595938278969135e-02
-1.489525019480712198e-01
-1.780315500324090860e-01
-1.440413064984866487e-01
-8.628205898505843241e-02
-4.092734245103860774e-02
6.147410788946732624e-02
6.095698557688105507e-02
4.212863217194341009e-02
2.431800666578813261e-02
2.929394896786889288e-02
5.491983698330712982e-02
9.104399012343768194e-02
1.312118053877042723e-01
1.623296180355911500e-01
1.626716517729083766e-01
1.276116203567960461e-01
7.606819173620091301e-02
3.604449480662747646e-02
7.796250438868446153e-03
1.317525036778254173e-02
4.413796053460244950e-02
7.286073026917176676e-02
7.100279893580485613e-02
3.774758467412132196e-02
-1.570640058054149912e-02
-7.511603006024623885e-02
-1.271052575431673437e-01
-1.427141581216141708e-01
-1.142913103099218730e-01
-6.835218339960311140e-02
-3.241127068598984029e-02
2.754640733063391522e-01
3.447814778916625245e-01
4.153035466483074867e-01
4.332897029602761352e-01
3.698516141714774941e-01
2.279964558189178925e-01
6.724486380460840962e-02
7.878338604123225758e-03
7.918177663052876694e-04
8.063343714468630631e-05
1.036869488654491304e-05
1.256144086849451196e-06
-0.000000000000000000e+00
2.697677136762118011e-03
7.989247316558603651e-03
3.400641907885928322e-02
5.723458889069046873e-02
5.395803735680599483e-02
2.394779394778567480e-02
-2.224631988484701908e-02
-7.119092890400470497e-02
-1.125697547957471845e-01
-1.237363970638383631e-01
-9.873092790577139843e-02
-5.901221415878341731e-02
-2.797896431432113362e-02
4.604688526868140619e-02
5.523710372720047612e-02
1.023048546295709238e-01
1.461962839864325014e-01
1.460124656291087175e-01
9.901890126581766594e-02
2.009834425287981841e-02
-6.865707252481642597e-02
-1.489436268018008713e-01
-1.780179652788158318e-01
-1.440299338928691109e-01
-8.627521119694807339e-02
-4.092409062979517065e-02
9.626039038158840100e-03
1.504478328915878627e-02
4.831360732374060524e-02
7.957973359110419309e-02
7.831668053178431066e-02
4.346273633691472016e-02
-1.343139025905102334e-02
-7.772603809340243586e-02
-1.346056487211893804e-01
-1.521772363972607178e-01
-1.220117717473841318e-01
-7.298277464610707088e-02
-3.460836940156460789e-02
6.147389275419008758e-02
6.095677272759610771e-02
4.212840034579942716e-02
2.431774407694165321e-02
2.929365236314274493e-02
5.491951664913997944e-02
9.104367463895414458e-02
1.312115320981736000e-01
1.623294132091268882e-01
1.626715073647052312e-01
1.276115163545089581e-01
7.606813063196786462e-02
3.604446594395421116e-02
1.073159078650787884e-02
1.618744102891889539e-02
4.885233157018241401e-02
7.946244542979362391e-02
7.816509201544731555e-02
4.389373548940311842e-02
-1.199179351399608934e-02
-7.493432093879562328e-02
-1.305900572869104492e-01
-1.478945914698130415e-01
-1.186126690046885312e-01
-7.095281033111139335e-02
-3.364609396152674903e-02
4.604832181864534912e-02
5.523884297941645399e-02
1.023071292080885569e-01
1.461988936837924635e-01
1.460148698537779566e-01
9.902054427418396920e-02
2.009895603845747794e-02
-6.865720632783407773e-02
-1.489442890854123513e-01
-1.780188408479327078e-01
-1.440306528291100951e-01
-8.627564282569684384e-02
-4.092429547030094344e-02
9.614982340934676019e-02
9.543455795546360032e-02
7.026265405478702986e-02
4.698010006698080665e-02
5.541135415677159171e-02
9.194741723214593099e-02
1.416981251715652423e-01
1.954656145793964572e-01
2.354850889586771745e-01
2.330936327932630892e-01
1.824154134376013425e-01
1.086940061585718459e-01
5.149972910925887382e-02
4.604138378752706956e-02
5.523057576994561818e-02
1.022959205302407110e-01
1.461855459163980686e-01
1.460022355177225117e-01
9.901161714852779738e-02
2.009541026112005371e-02
-6.865621454634636411e-02
-1.489396813193532843e-01
-1.780127457336610208e-01
-1.440256470618355988e-01
-8.627263741068530445e-02
-4.092286916473609343e-02
4.604184930879198778e-02
5.523077956025129742e-02
1.022964062302905291e-01
1.461866163997312118e-01
1.460038355153287781e-01
9.901356158628472903e-02
2.009726424968552583e-02
-6.865530241443947024e-02
-1.489400448606121863e-01
-1.780138031343743432e-01
-1.440265824872570821e-01
-8.627320517372662201e-02
-4.092313923695509170e-02
4.607562326401078157e-02
5.526812084291043287e-02
1.023477250115067266e-01
1.462508626780558985e-01
1.460691911511051710e-01
9.906659780710078134e-02
2.012795976623275862e-02
-6.864973467482735070e-02
-1.489584648115534760e-01
-1.780436311863197452e-01
-1.440517130262990719e-01
-8.628835137766521779e-02
-4.093033320237583761e-02
4.605068503988877376e-02
5.524119744690484529e-02
1.023107811449304877e-01
1.462040557404017949e-01
1.460205826422567854e-01
9.902562921465432599e-02
2.010227754896746002e-02
-6.865666433767460275e-02
-1.489467201190620427e-01
-1.780226920415972081e-01
-1.440338898239645893e-01
-8.627759308025441387e-02
-4.092522170912388929e-02
5.353461409369852236e-02
5.335058736307474181e-02
3.562986197738050864e-02
1.840965489063477525e-02
2.206961902175740703e-02
4.492808907279110392e-02
7.813824712881727030e-02
1.163061282249059636e-01
1.468047826867036054e-01
1.484574423862441428e-01
1.166660624166953042e-01
6.956332021078293071e-02
3.296421291713045459e-02
