3.374915018196763400e-02 0.000000000000000000e+00 3.758794580847311662e-01 1.871304290812129345e+00 1.702503730629927603e-01 0.000000000000000000e+00
3.205168413168565933e-02 0.000000000000000000e+00 3.569747199759054634e-01 1.970398943808538750e+00 1.616884170569334589e-01 0.000000000000000000e+00
6.806501243260383582e-02 0.000000000000000000e+00 7.580621022670185338e-01 9.278688557695901062e-01 3.433579168508678614e-01 0.000000000000000000e+00
9.111779840622472038e-02 0.000000000000000000e+00 1.014818367086729678e+00 6.931123659622443478e-01 4.596522367272189991e-01 0.000000000000000000e+00
7.421723762428859839e-02 0.000000000000000000e+00 8.265883442581647422e-01 8.509388849755463724e-01 3.744031570884094884e-01 0.000000000000000000e+00
8.524629179648886279e-02 0.000000000000000000e+00 9.494186691475149376e-01 7.408562169015796561e-01 4.300307328060525291e-01 0.000000000000000000e+00
5.017050790980464442e-02 0.000000000000000000e+00 5.587836361646003613e-01 1.258774428503130816e+00 2.530959686631242822e-01 0.000000000000000000e+00
1.183163911650306765e-01 0.000000000000000000e+00 1.317697430274314518e+00 5.337977304248019417e-01 5.968402592410199103e-01 0.000000000000000000e+00
6.190577922790539700e-02 0.000000000000000000e+00 6.894979833102689026e-01 1.020134137406623065e+00 3.123047416082954664e-01 0.000000000000000000e+00
9.189143237336537540e-02 0.000000000000000000e+00 1.023454071539433796e+00 6.872609551050169463e-01 4.635660250731565846e-01 0.000000000000000000e+00
1.442278054112955954e-01 0.000000000000000000e+00 1.606337580987386549e+00 4.378799257250559629e-01 7.275770423837234491e-01 0.000000000000000000e+00
1.458056718942633834e-02 0.000000000000000000e+00 1.623891179757023517e-01 4.331464215038709042e+00 7.355273072539543489e-02 0.000000000000000000e+00
8.217883591464050785e-02 0.000000000000000000e+00 9.152657728467135101e-01 7.685007764469155012e-01 4.145642263330279187e-01 0.000000000000000000e+00
8.804862211079277079e-02 0.000000000000000000e+00 9.806382295875226696e-01 7.172698661072237636e-01 4.441712688049035962e-01 0.000000000000000000e+00
9.297303451717094103e-02 0.000000000000000000e+00 1.035384400359646406e+00 6.793486392707906996e-01 4.689728799331681630e-01 0.000000000000000000e+00
1.206229909890169094e-01 0.000000000000000000e+00 1.343395870283805804e+00 5.235869541382217607e-01 6.084703130030696405e-01 0.000000000000000000e+00
5.076364927717840619e-02 0.000000000000000000e+00 5.653732788904227702e-01 1.244103189323494618e+00 2.560808573533041033e-01 0.000000000000000000e+00
9.928534281395418049e-02 0.000000000000000000e+00 1.105780032316471040e+00 6.360960196893220564e-01 5.008535494806080068e-01 0.000000000000000000e+00
6.241688397321418919e-02 0.000000000000000000e+00 6.951594435609819156e-01 1.011828968541806262e+00 3.148664319379341214e-01 0.000000000000000000e+00
5.833731606815811821e-02 0.000000000000000000e+00 6.497241293443100085e-01 1.082586565484140673e+00 2.942868099819986871e-01 0.000000000000000000e+00
