0.000000000000000000e+00
3.396857918035430801e-01
3.315592813727266663e-01
3.094161781493849905e-01
2.781358757544187821e-01
2.422116582799870299e-01
2.172619980041087251e-01
2.112564443568057948e-01
2.360199618575141989e-01
2.894970849329394080e-01
3.656789279436434281e-01
4.536237329992400813e-01
5.493200714457050493e-01
6.274211288519098151e-01
6.887338966660965234e-01
7.347026748503326932e-01
7.586229499659349340e-01
7.631888746102807319e-01
7.451271087627228118e-01
6.969832782954415995e-01
6.267817026951637560e-01
5.363996279427413194e-01
4.243611265146275402e-01
3.187485828528209830e-01
2.248013047292208855e-01
1.509354146337238967e-01
3.396857088317784545e-01
3.315591296675535204e-01
3.094158989979429175e-01
2.781354332269593832e-01
2.422110355713243957e-01
2.172612463741047939e-01
2.112556388190692247e-01
2.360192176468129399e-01
2.894965188977512982e-01
3.656786408176738168e-01
4.536237931557215441e-01
5.493205375181775540e-01
6.274219388281025989e-01
6.887349757951930496e-01
7.347039667022248199e-01
7.586243874908025209e-01
7.631904093906514142e-01
7.451286722299217402e-01
6.969847780803692938e-01
6.267830650089034616e-01
5.364007984996397305e-01
4.243620541237952404e-01
3.187492800370768098e-01
2.248017965742589441e-01
1.509357449320374023e-01
3.396893688533656475e-01
3.315630559263232913e-01
3.094202010858654872e-01
2.781401464044417349e-01
2.422161493115832231e-01
2.172666251344678445e-01
2.112611321384432195e-01
2.360246144495140308e-01
2.895015923445498629e-01
3.656831723189500893e-01
4.536276049902140395e-01
5.493234657984812364e-01
6.274241289905355679e-01
6.887366475988827563e-01
7.347052746974531701e-01
7.586254266226278853e-01
7.631912018566234801e-01
7.451292635676890486e-01
6.969852270439950148e-01
6.267834308995283710e-01
5.364010985733049797e-01
4.243622872103865462e-01
3.187494539082015854e-01
2.248019187883235070e-01
1.509358268068652364e-01
3.396858248628406018e-01
3.315592642012641367e-01
3.094160638849212108e-01
2.781356344856051876e-01
2.422112749556115108e-01
2.172615120606652961e-01
2.112559151118784673e-01
2.360194810501169416e-01
2.894967453684096359e-01
3.656788089373251838e-01
4.536238876336688985e-01
5.493205450592499872e-01
6.274218735083618714e-01
6.887348558580741464e-01
7.347038057839543335e-01
7.586241986315386265e-01
7.631902005307663606e-01
7.451284546032093115e-01
6.969845666646131699e-01
6.267828720325180347e-01
5.364006323656720365e-01
4.243619223653157246e-01
3.187491809789096409e-01
2.248017266813181758e-01
1.509356979910263241e-01
1.617334201494994572e-01
1.060130292987186973e-01
3.637633906172146186e-02
-2.196666758417301774e-02
-5.736340880435991663e-02
-6.023912427606863129e-02
-2.914615395506068435e-02
5.207066062499996623e-02
1.741389753870013768e-01
3.327217541187514338e-01
5.095087736426142655e-01
6.921171582165328573e-01
8.152302039838764669e-01
8.678374808950328756e-01
8.546709581514462251e-01
8.006790518513353661e-01
7.253054691652398578e-01
6.468647681915125069e-01
5.694413687661591394e-01
4.990683789078410593e-01
4.226071218661361373e-01
3.328526949345946284e-01
2.495993411903787706e-01
1.758919019630345859e-01
1.180344875366035468e-01
-1.227595800575079638e-01
-1.401270291826946790e-01
-1.753228761972884797e-01
-2.239270271882360108e-01
-2.810564212077149571e-01
-3.250486529665984059e-01
-3.486100584061500585e-01
-3.408560242731977774e-01
-2.995231980940635808e-01
-2.289938191851325355e-01
-1.370321171435409102e-01
-2.492146030900855430e-02
7.483893548346762237e-02
1.586466540658615365e-01
2.326135502474374062e-01
2.907465112730928669e-01
3.370806434153938991e-01
3.621365674927983225e-01
3.577675449981757572e-01
3.286655389377862724e-01
2.836645699957383027e-01
2.252050548729572776e-01
1.693782735496922875e-01
1.195312553993999188e-01
8.028856012863606895e-02
3.396852130118184765e-01
3.315586024721889902e-01
3.094153330167841442e-01
2.781348299878054764e-01
2.422104010036204014e-01
2.172605942014860791e-01
2.112549812485265410e-01
2.360185704134607487e-01
2.894958990106688002e-01
3.656780663220745575e-01
4.536232799730259280e-01
5.493201001808778461e-01
6.274215618170265740e-01
6.887346341645337322e-01
7.347036422668148381e-01
7.586240741642704677e-01
7.631901100093403389e-01
7.451283909054097210e-01
6.969845211184005906e-01
6.267828361673353221e-01
5.364006034284818369e-01
4.243619000521238749e-01
3.187491643812013775e-01
2.248017150308580514e-01
1.509356901931874773e-01
3.396856340596627888e-01
3.315590454552869715e-01
3.094158009687700828e-01
2.781353200699813177e-01
2.422109078641069557e-01
2.172611094969417733e-01
2.112554991491779610e-01
2.360190844807084076e-01
2.894964015893721210e-01
3.656785479681001760e-01
4.536237310015608926e-01
5.493205113129707717e-01
6.274219417591552217e-01
6.887349987428005305e-01
7.347040025884916670e-01
7.586244310969934013e-01
7.631904582200638165e-01
7.451287233905555807e-01
6.969848279105529398e-01
6.267831105359593646e-01
5.364008377084417134e-01
4.243620852244779362e-01
3.187493034204118003e-01
2.248018130734102948e-01
1.509357560132905118e-01
-3.120335197347563413e-02
-5.947647831135180474e-02
-1.168891132408856059e-01
-1.947340915926390192e-01
-2.844423680774006979e-01
-3.514476867969751894e-01
-3.832098815686827975e-01
-3.604128310810282287e-01
-2.812397973414227370e-01
-1.538223770269152579e-01
6.849469230873150849e-03
1.970815999212794656e-01
3.620408119480962306e-01
4.967894493871468087e-01
6.100986214449813927e-01
6.927781862175198535e-01
7.519798123157445113e-01
7.748743779994824443e-01
7.482342453195377496e-01
6.814038115456476641e-01
5.860900051316902948e-01
4.646447583388834679e-01
3.492786023962824449e-01
2.464254987220430293e-01
1.654951880038800227e-01
3.396865879539532340e-01
3.315600608956594808e-01
3.094168961906711424e-01
2.781364961186970630e-01
2.422121565706702728e-01
2.172624026160817068e-01
2.112568092980359191e-01
2.360203751501564473e-01
2.894976331021366645e-01
3.656796798233555856e-01
4.536247283361070082e-01
5.493213419147435772e-01
6.274226364034327652e-01
6.887356063817747787e-01
7.347045581152680249e-01
7.586249491808249035e-01
7.631909363492118681e-01
7.451291596528835104e-01
6.969852186277381012e-01
6.267834556023021975e-01
5.364011308451008819e-01
4.243623164164815886e-01
3.187494768740335438e-01
2.248019353353415128e-01
1.509358380717613357e-01
3.396858505567111330e-01
3.315592868293620876e-01
3.094160807400849755e-01
2.781356441309125183e-01
2.422112769246369812e-01
2.172615088910475056e-01
2.112559105546199245e-01
2.360194809660242365e-01
2.894967553808892036e-01
3.656788337568240843e-01
4.536239300951953601e-01
5.493206072882926838e-01
6.274219518426755737e-01
6.887349462326893823e-01
7.347039047627929031e-01
7.586243023375318639e-01
7.631903060123547133e-01
7.451285584010274299e-01
6.969846642167876194e-01
6.267829599261570683e-01
5.364007076426376974e-01
4.243619819381035940e-01
3.187492257308915944e-01
2.248017582450101692e-01
1.509357191842287949e-01
3.396857984899628868e-01
3.315592333337781805e-01
3.094160257747406439e-01
2.781355878359090816e-01
2.422112194938542684e-01
2.172614506309223370e-01
2.112558514331911164e-01
2.360194206808143846e-01
2.894966939483588075e-01
3.656787714973547820e-01
4.536238677341448700e-01
5.493205457495421440e-01
6.274218913050001456e-01
6.887348862676576644e-01
7.347038453863766749e-01
7.586242442853634582e-01
7.631902503534736537e-01
7.451285060615024936e-01
6.969846164070206962e-01
6.267829173495603756e-01
5.364006713496933809e-01
4.243619532732866295e-01
3.187492042133188153e-01
2.248017430740110456e-01
1.509357090001666735e-01
3.396858320509776874e-01
3.315592749190085509e-01
3.094160811055048921e-01
2.781356600330244788e-01
2.422113096880508243e-01
2.172615533813970212e-01
2.112559592379423812e-01
2.360195221827173229e-01
2.894967776029181428e-01
3.656788271674717428e-01
4.536238883610971828e-01
5.493205252606123690e-01
6.274218362810161098e-01
6.887348049719019816e-01
7.347037440575883149e-01
7.586241294002343816e-01
7.631901261789131308e-01
7.451283785585980368e-01
6.969844935504079242e-01
6.267828055607075344e-01
5.364005752300571306e-01
4.243618770814708285e-01
3.187491469420432044e-01
2.248017026685772968e-01
1.509356818650012810e-01
3.396848345821758541e-01
3.315583106859972817e-01
3.094152182626762615e-01
2.781349518281076572e-01
2.422107908926607045e-01
2.172611786206994910e-01
2.112556459535911979e-01
2.360191370568597291e-01
2.894961887463820549e-01
3.656779282553546118e-01
4.536226160037383215e-01
5.493188279889091863e-01
6.274197733275873601e-01
6.887324337851121747e-01
7.347011106463912089e-01
7.586213192637663028e-01
7.631872163152210176e-01
7.451254756055726292e-01
6.969817423662352240e-01
6.267803184279008288e-01
5.363984422365574156e-01
4.243601881217113347e-01
3.187478779048082966e-01
2.248008075231650027e-01
1.509350807866043365e-01
3.396850382247421085e-01
3.315584181414191201e-01
3.094151263277031827e-01
2.781345891644491641e-01
2.422101169876576532e-01
2.172602743628146704e-01
2.112546382505268161e-01
2.360182235856662647e-01
2.894955708500388525e-01
3.656777766313177302e-01
4.536230447686103728e-01
5.493199360062938075e-01
6.274214653759473403e-01
6.887345997686057375e-01
7.347036691147106335e-01
7.586241548054035722e-01
7.631902385154814006e-01
7.451285516400253384e-01
6.969846918145129466e-01
6.267829970869949197e-01
5.364007437032337622e-01
4.243620118725213164e-01
3.187492486087423749e-01
2.248017745137594059e-01
1.509357301665716355e-01
3.396853786946427700e-01
3.315587778254786566e-01
3.094155182278124361e-01
2.781350223149684497e-01
2.422105966854655179e-01
2.172607897762688922e-01
2.112551749274918511e-01
2.360187605910434305e-01
2.894960840425302440e-01
3.656782435463898917e-01
4.536234465174865393e-01
5.493202536212654641e-01
6.274217066786736963e-01
6.887347780687594900e-01
7.347037911869832572e-01
7.586242283647333107e-01
7.631902668298591319e-01
7.451285455712464145e-01
6.969846667415692254e-01
6.267829674753683245e-01
5.364007159239320144e-01
4.243619890907742720e-01
3.187492312716616594e-01
2.248017622099727497e-01
1.509357218717199967e-01
3.396853703845924555e-01
3.315586295060571898e-01
3.094150865088026725e-01
2.781342083747001537e-01
2.422093445336549744e-01
2.172592126569864723e-01
2.112534482033558980e-01
2.360171561071783830e-01
2.894948807810770464e-01
3.656776796576147737e-01
4.536236842150430659e-01
5.493214353649935600e-01
6.274237027703326586e-01
6.887374351042832021e-01
7.347069979209509549e-01
7.586278295115496118e-01
7.631941431303526091e-01
7.451325174213875302e-01
6.969884897602363072e-01
6.267864446957231994e-01
5.364037052778722892e-01
4.243643585274737839e-01
3.187510122679497737e-01
2.248030187049612494e-01
1.509365656921011212e-01
3.396858952338122073e-01
3.315593184124644432e-01
3.094160864395285593e-01
2.781356158228912023e-01
2.422112105676798577e-01
2.172614152223880934e-01
2.112558059401487276e-01
2.360193908666063656e-01
2.894967052664665919e-01
3.656788452039534953e-01
4.536240171592869075e-01
5.493207817003090687e-01
6.274222000376370456e-01
6.887352526409991071e-01
7.347042572758493151e-01
7.586246855121916433e-01
7.631907080001564259e-01
7.451289630107934547e-01
6.969850496580124455e-01
6.267833090839485255e-01
5.364010073278766555e-01
4.243622193169129808e-01
3.187494041131488376e-01
2.248018840787949779e-01
1.509358036833491623e-01
3.396860625143179879e-01
3.315595145883204475e-01
3.094163420058154701e-01
2.781359537012532135e-01
2.422116453076949560e-01
2.172619244201552113e-01
2.112563544642097058e-01
2.360199246818523999e-01
2.894971667895578360e-01
3.656791846017620196e-01
4.536241982968760578e-01
5.493207708746564721e-01
6.274220188766124195e-01
6.887349285165578205e-01
7.347038074462977075e-01
7.586241378652062162e-01
7.631900836668642496e-01
7.451282990657751570e-01
6.969843972791959219e-01
6.267827109982567757e-01
5.364004915465473422e-01
4.243618099669150823e-01
3.187490962760002877e-01
2.248016668491339687e-01
1.509356577769253305e-01
3.396860573840903008e-01
3.315595146165263851e-01
3.094163414774991905e-01
2.781359436865376011e-01
2.422116168043959572e-01
2.172618767319295097e-01
2.112562906689686715e-01
2.360198503048675511e-01
2.894970897687407785e-01
3.656791111338421607e-01
4.536241338383404376e-01
5.493207224118829002e-01
6.274219920721941790e-01
6.887349305080703310e-01
7.347038466260298328e-01
7.586242135693426203e-01
7.631901927320408063e-01
7.451284303512708540e-01
6.969845344440547263e-01
6.267828395885499670e-01
5.364006034034649595e-01
4.243618990574145600e-01
3.187491633612044017e-01
2.248017142185946837e-01
1.509356896066946507e-01
