1.034474315992529314e-01 0.000000000000000000e+00 1.073306463930719268e+00 6.105013230513079980e-01 1.005772446611187476e+00 0.000000000000000000e+00 0.000000000000000000e+00 0.000000000000000000e+00 3.419281137338277543e-01 7.503834314961547181e-01 8.554398907171223421e-01 -3.199567685473665990e-01
1.114548495675160983e-01 0.000000000000000000e+00 1.000960042483805212e+00 5.666376950542471036e-01 1.538193217475445351e+00 0.000000000000000000e+00 0.000000000000000000e+00 0.000000000000000000e+00 3.419274479452905635e-01 9.527690364280232416e-01 8.554386634186955662e-01 -5.775316687800888804e-01
8.114091593354707754e+00 4.448200989429037300e+00 8.637353424861871076e+00 1.000000000000000000e+01 4.927704985983584862e+00 4.606505058733310065e+00 0.000000000000000000e+00 2.813518902975216118e+00 3.923324970829254799e+00 3.610449791654081197e-01 7.437200735444092103e+00 8.515084055285047526e+00
8.545440714338853327e-01 1.549803700259753080e-02 2.731481440890743073e+00 3.676383184533621451e-01 3.446712251411408745e-02 3.642317558601105620e+00 0.000000000000000000e+00 3.121269843200999539e+00 9.999492051435939999e+00 4.954975310379272635e-02 9.290918838457798756e+00 3.057129861289825890e+00
8.485762172288122129e-02 0.000000000000000000e+00 3.984949312575436053e+00 3.322881962701501601e-01 0.000000000000000000e+00 2.375958736262210103e+00 5.824070063296655775e-01 1.439771109342577460e-01 9.506977712722562757e+00 6.945697983161612798e-01 1.000000000000000000e+01 4.406722730227755624e-01
9.053115146871529295e-02 0.000000000000000000e+00 9.119555662802814044e-01 6.976097906674983973e-01 9.601112837106343667e-01 0.000000000000000000e+00 0.000000000000000000e+00 0.000000000000000000e+00 3.419281622327482451e-01 3.662705931280345606e-01 8.554392309449440068e-01 -3.757148167467085353e-01
6.453555120015098900e+00 1.547610427137732003e+00 2.488219920510027272e+00 7.282739629543641513e+00 1.231475517026072667e-03 9.977815450293455735e-01 0.000000000000000000e+00 1.000000000000000000e+01 3.852054516871491252e+00 4.788150350248797649e-01 5.141422011315861518e+00 8.951680350481492354e+00
7.918705443699015911e-02 0.000000000000000000e+00 8.631014911735090944e-01 7.975197180602295877e-01 6.485778456191273467e-01 0.000000000000000000e+00 0.000000000000000000e+00 0.000000000000000000e+00 3.419295063834252302e-01 2.415081756559244175e-01 8.554380073402069184e-01 -2.231882514922223781e-01
1.086030728266196954e+00 5.328618580777560836e-03 1.466403847274207362e+00 9.101699257014556066e-01 5.485722631232198623e-03 6.721214914308777821e+00 0.000000000000000000e+00 7.338617898288271491e+00 9.908702798983387794e+00 6.359367933360019487e-01 1.000000000000000000e+01 7.412464677710215888e+00
8.117346207963995960e-03 0.000000000000000000e+00 1.359424228796955569e+00 7.245341953811318403e-01 6.275236645151233226e-04 6.994837780541021566e+00 2.825495302261888386e-01 2.850733864006578522e-02 9.547683800569835455e+00 4.690558230402014361e-01 1.000000000000000000e+01 3.015904221246082928e-01
3.307476603132388782e-01 0.000000000000000000e+00 1.486651673572684462e+00 1.909428345918815217e-01 8.904096108522210784e+00 0.000000000000000000e+00 0.000000000000000000e+00 0.000000000000000000e+00 3.419299986229334953e-01 8.714420004757977845e-01 8.554379722803949759e-01 -1.406105758089399194e+00
9.996908670995628299e+00 3.024507721387322684e-02 8.045317238018055706e-02 0.000000000000000000e+00 0.000000000000000000e+00 9.679230012528170501e-01 0.000000000000000000e+00 9.665005279080645550e+00 0.000000000000000000e+00 4.347893110127468708e-01 8.029218651179517163e-01 1.000000000000000000e+01
0.000000000000000000e+00 0.000000000000000000e+00 0.000000000000000000e+00 0.000000000000000000e+00 0.000000000000000000e+00 0.000000000000000000e+00 1.025413522092223584e+00 0.000000000000000000e+00 1.000000000000000000e+01 5.794022711740181020e-01 4.982334400757880033e+00 -2.920531032810637969e-03
3.385782426677649837e-02 0.000000000000000000e+00 2.033705302542132110e+00 7.012155103201381801e-01 0.000000000000000000e+00 4.594028370724224430e+00 6.880917398384783779e-01 8.651337152876942271e-02 9.382184749942018342e+00 1.990229244408557863e-01 9.875320291467005518e+00 3.829570031936612717e-01
2.832863347501647922e-01 0.000000000000000000e+00 2.696975384057744840e+00 2.229169153761425548e-01 3.463573091498498790e+00 0.000000000000000000e+00 0.000000000000000000e+00 0.000000000000000000e+00 3.419268938409378289e-01 7.199039441316656962e-01 8.554413911749136901e-01 -4.780295319248653030e-01
5.069167242526090078e+00 4.402035075022020294e+00 9.950744820198673679e+00 1.574397151544989271e+00 3.937424272781925971e+00 0.000000000000000000e+00 0.000000000000000000e+00 4.400219125084879224e+00 7.684668027793984280e+00 2.873577222998088265e-01 -2.960384624535497888e+00 -1.485959114979343298e-01
2.368950594674898436e-01 0.000000000000000000e+00 6.790475464269784212e+00 1.296862409533980631e-01 0.000000000000000000e+00 1.342985741132388666e+00 1.370140400088467880e-01 3.041143821805528669e-01 9.159592322955804278e+00 9.013764676617112004e-01 9.655467612354861728e+00 6.113799191249266185e-01
0.000000000000000000e+00 0.000000000000000000e+00 0.000000000000000000e+00 0.000000000000000000e+00 0.000000000000000000e+00 0.000000000000000000e+00 1.025434668792510662e+00 0.000000000000000000e+00 1.000000000000000000e+01 3.529775348942890689e-01 4.982335933698936792e+00 -2.921864558015643820e-03
1.413047210290274414e-01 0.000000000000000000e+00 1.586436794616880697e+00 5.166698622692234011e-01 0.000000000000000000e+00 5.967564013197502071e+00 3.788431259361210723e-02 8.399795233500078062e-01 9.506539799675065794e+00 9.732833661120290358e-01 1.000000000000000000e+01 1.140297824383703196e+00
0.000000000000000000e+00 0.000000000000000000e+00 0.000000000000000000e+00 0.000000000000000000e+00 0.000000000000000000e+00 0.000000000000000000e+00 1.025401644596033668e+00 0.000000000000000000e+00 1.000000000000000000e+01 9.079141318470084210e-01 4.982317570030580178e+00 -2.919759639947106227e-03
