1.180106130078631521e+00 0.000000000000000000e+00 3.478918271407647644e+00 2.568570979970605239e-01 0.000000000000000000e+00
3.668913445047734534e-01 0.000000000000000000e+00 1.081585620066499498e+00 8.261795324875639279e-01 0.000000000000000000e+00
7.173810746787252779e-02 0.000000000000000000e+00 2.114818854072661736e-01 4.225347986148050516e+00 0.000000000000000000e+00
3.241076070272940618e-02 0.000000000000000000e+00 9.554597646136964162e-02 9.352402955491770697e+00 0.000000000000000000e+00
1.523620534266837634e+00 5.433548359129646954e+00 3.855429767693568266e+00 1.798236611237881810e+00 1.743836076379849664e-01
1.404303610896395993e+00 0.000000000000000000e+00 4.139837377249902417e+00 2.158503761647992680e-01 0.000000000000000000e+00
9.816119229566958038e-02 7.434988939801193686e-01 9.172040241808029903e-02 8.787202876179131650e+00 0.000000000000000000e+00
4.260830118841797687e-02 0.000000000000000000e+00 1.256082741898766619e-01 7.114047382907828343e+00 0.000000000000000000e+00
6.431095651103767574e-01 0.000000000000000000e+00 1.895869836732761771e+00 4.713318104207538384e-01 0.000000000000000000e+00
3.407393547760038111e-01 0.000000000000000000e+00 1.004489807510182686e+00 8.895904017262733499e-01 0.000000000000000000e+00
5.156227162744657644e-01 0.000000000000000000e+00 1.520040429104336344e+00 5.878689874060891718e-01 0.000000000000000000e+00
3.392164328395516737e+00 0.000000000000000000e+00 1.000000000000000000e+01 8.935845722668152302e-02 0.000000000000000000e+00
3.037459145592913065e-02 0.000000000000000000e+00 8.954339744151698643e-02 9.979346776882008996e+00 0.000000000000000000e+00
5.001031306520012931e-01 0.000000000000000000e+00 1.474285674395615420e+00 6.061137722936084105e-01 0.000000000000000000e+00
2.129514616790894876e-01 0.000000000000000000e+00 6.277749688869869171e-01 1.423415282224594014e+00 0.000000000000000000e+00
8.926449677326425691e-02 0.000000000000000000e+00 2.631491039321458003e-01 3.395734424703845011e+00 0.000000000000000000e+00
3.031185113711866788e-02 0.000000000000000000e+00 8.935845972142035520e-02 9.999998920325031904e+00 0.000000000000000000e+00
3.031183283937946907e-02 0.000000000000000000e+00 8.935860014934587925e-02 9.999999997660038886e+00 0.000000000000000000e+00
3.031191777344159274e-02 0.000000000000000000e+00 8.935841605730467097e-02 9.999999999150940511e+00 0.000000000000000000e+00
3.031165603786779503e-02 0.000000000000000000e+00 8.935819726786774220e-02 1.000000000000000000e+01 0.000000000000000000e+00
