0.000000000000000000e+00
4.568889189867605949e-01
4.517339911097304483e-01
5.455123625957967182e-01
6.695028177341459941e-01
7.522044270240205721e-01
7.610428180566355394e-01
6.680287545834940888e-01
4.632549879011499394e-01
2.060995864973889924e-01
3.896318579373093949e-02
5.004073047789539194e-03
5.302119595058076484e-04
0.000000000000000000e+00
4.568896283365093680e-01
4.517346924561185251e-01
5.455132095392031255e-01
6.695038571807944150e-01
7.522055948702938144e-01
7.610439996250853989e-01
6.680297917415636277e-01
4.632557071346345423e-01
2.060999064803954173e-01
3.896324628660985390e-02
5.004080816938257653e-03
5.302127826943435398e-04
0.000000000000000000e+00
4.568891984627536651e-01
4.517342674324875129e-01
5.455126962821763570e-01
6.695032272646840310e-01
7.522048871425974781e-01
7.610432835815990060e-01
6.680291632123572798e-01
4.632552712712261211e-01
2.060997125671714114e-01
3.896320962725937503e-02
5.004076108748617413e-03
5.302122838330297367e-04
0.000000000000000000e+00
4.568889677344303291e-01
4.517340393073961402e-01
5.455124207991266516e-01
6.695028891666120474e-01
7.522045072803179577e-01
7.610428992559432615e-01
6.680288258586852823e-01
4.632550373280460709e-01
2.060996084871421774e-01
3.896318995090007620e-02
5.004073581698089378e-03
5.302120160766641546e-04
0.000000000000000000e+00
4.568886816723139455e-01
4.517337564728248767e-01
5.455120792491032766e-01
6.695024699850889993e-01
7.522040363185996670e-01
7.610424227604316583e-01
6.680284076000859717e-01
4.632547472800787047e-01
2.060994794464028612e-01
3.896316555571138762e-02
5.004070448604535683e-03
5.302116841063559240e-04
0.000000000000000000e+00
4.568890283601651503e-01
4.517340992491107321e-01
5.455124931845282132e-01
6.695029780046175549e-01
7.522046070922071559e-01
7.610430002406206595e-01
6.680289145010936958e-01
4.632550987985105673e-01
2.060996358350124513e-01
3.896319512102277421e-02
5.004074245701073918e-03
5.302120864318168479e-04
0.000000000000000000e+00
4.568889922925611358e-01
4.517340635884456446e-01
5.455124501208357124e-01
6.695029251529034386e-01
7.522045477118844969e-01
7.610429401625800061e-01
6.680288617657447192e-01
4.632550622283579944e-01
2.060996195651534912e-01
3.896319204520128088e-02
5.004073850670863986e-03
5.302120445759648387e-04
0.000000000000000000e+00
4.568889350785136361e-01
4.517340070199254431e-01
5.455123818088917220e-01
6.695028413142187773e-01
7.522044535168667112e-01
7.610428448607722274e-01
6.680287781116499568e-01
4.632550042171176274e-01
2.060995937562729308e-01
3.896318716602502341e-02
5.004073224034364352e-03
5.302119781800182638e-04
0.000000000000000000e+00
4.568890289589008225e-01
4.517340998410910857e-01
5.455124938994014849e-01
6.695029788819757410e-01
7.522046080779426491e-01
7.610430012379384435e-01
6.680289153765202048e-01
4.632550994055887328e-01
2.060996361050981829e-01
3.896319517208255562e-02
5.004074252258722440e-03
5.302120871266396279e-04
0.000000000000000000e+00
4.568890218241182244e-01
4.517340927868078726e-01
5.455124853806742058e-01
6.695029684270120685e-01
7.522045963315096007e-01
7.610429893534851331e-01
6.680289049445754523e-01
4.632550921713934899e-01
2.060996328866446792e-01
3.896319456363299405e-02
5.004074174115059892e-03
5.302120788468436168e-04
0.000000000000000000e+00
4.568890160417629631e-01
4.517340870696930355e-01
5.455124784767065860e-01
6.695029599538296905e-01
7.522045868116612466e-01
7.610429797217787007e-01
6.680288964900487070e-01
4.632550863084697323e-01
2.060996302782622525e-01
3.896319407051755668e-02
5.004074110783849824e-03
5.302120721365168781e-04
0.000000000000000000e+00
4.568889747117780842e-01
4.517340462060208117e-01
5.455124291298812933e-01
6.695028993908783699e-01
7.522045187675562294e-01
7.610429108781563423e-01
6.680288360604406117e-01
4.632550444026128367e-01
2.060996116345778784e-01
3.896319054592368991e-02
5.004073658117447199e-03
5.302120241737597398e-04
0.000000000000000000e+00
4.568883172051672048e-01
4.517333961178414126e-01
5.455116440857057380e-01
6.695019359126447300e-01
7.522034362738406754e-01
7.610418156651554966e-01
6.680278747035239828e-01
4.632543777346233016e-01
2.060993150376699834e-01
3.896313447419339632e-02
5.004066456780374532e-03
5.302112611483194909e-04
0.000000000000000000e+00
4.568890685082478975e-01
4.517341389442158239e-01
5.455125411201960928e-01
6.695030368356669204e-01
7.522046731904737937e-01
7.610430671155409277e-01
6.680289732026130078e-01
4.632551395059972266e-01
2.060996539455485499e-01
3.896319854482480083e-02
5.004074685422700217e-03
5.302121330229963301e-04
0.000000000000000000e+00
4.568888288605711390e-01
4.517339020004051964e-01
5.455122549876921800e-01
6.695026856676078442e-01
7.522042786437120876e-01
7.610426679328605726e-01
6.680286228077305655e-01
4.632548965191857770e-01
2.060995458420576409e-01
3.896317810782892049e-02
5.004072060683008999e-03
5.302118549158700263e-04
0.000000000000000000e+00
4.568895519742671718e-01
4.517346169554464774e-01
5.455131183648597171e-01
6.695037452832757197e-01
7.522054691504213020e-01
7.610438724280061962e-01
6.680296800904128585e-01
4.632556297083978425e-01
2.060998720338901580e-01
3.896323977448817866e-02
5.004079980581273984e-03
5.302126940772368315e-04
0.000000000000000000e+00
4.568888521420237381e-01
4.517339250191808042e-01
5.455122827850839018e-01
6.695027197831171506e-01
7.522043169734045076e-01
7.610427067129262868e-01
6.680286568481267340e-01
4.632549201250308890e-01
2.060995563441678224e-01
3.896318009325584752e-02
5.004072315672973906e-03
5.302118819336070323e-04
0.000000000000000000e+00
4.568889623397526800e-01
4.517340339735849142e-01
5.455124143580351026e-01
6.695028812615135827e-01
7.522044983987271616e-01
7.610428902699938325e-01
6.680288179709916729e-01
4.632550318582016047e-01
2.060996060536385843e-01
3.896318949084551925e-02
5.004073522612915124e-03
5.302120098162309021e-04
0.000000000000000000e+00
4.568886647273384116e-01
4.517337397190339110e-01
5.455120590172848338e-01
6.695024451547452182e-01
7.522040084210405153e-01
7.610423945350766051e-01
6.680283828244119038e-01
4.632547300990000894e-01
2.060994718026358252e-01
3.896316411065504220e-02
5.004070263014796793e-03
5.302116644419948557e-04
0.000000000000000000e+00
4.568890166778015738e-01
4.517340876985553866e-01
5.455124792361185637e-01
6.695029608858497072e-01
7.522045878588108359e-01
7.610429807812322256e-01
6.680288974200166985e-01
4.632550869533705318e-01
2.060996305651750793e-01
3.896319412475850869e-02
5.004074117750058684e-03
5.302120728746290319e-04
0.000000000000000000e+00
