1.804820179069030583e+00 0.000000000000000000e+00 4.496286464260257354e+00 2.002774628576421412e-01 1.916546905518259569e+00 7.231583515249569161e-02 0.000000000000000000e+00 0.000000000000000000e+00 1.879729592358157786e-01
3.979281175907144252e+00 0.000000000000000000e+00 9.913458438215497992e+00 9.083630999267836015e-02 4.225666687405253086e+00 3.279959450012173011e-02 0.000000000000000000e+00 0.000000000000000000e+00 1.879769127208189283e-01
3.697621036088873797e-02 0.000000000000000000e+00 9.211805056806116054e-02 9.775430516122897373e+00 3.926596221576166695e-02 3.529603918080890690e+00 0.000000000000000000e+00 0.000000000000000000e+00 1.879700363062676016e-01
3.443067441150747143e+00 0.000000000000000000e+00 8.577602050849151283e+00 1.049829439925526464e-01 3.656249317809673549e+00 3.790757437573200050e-02 0.000000000000000000e+00 0.000000000000000000e+00 1.879762515953353752e-01
1.748418636897189682e+00 0.000000000000000000e+00 9.987246997347421384e+00 4.015156624142168340e+00 7.450772408284567661e+00 8.868521223588995639e+00 8.742854343746760293e+00 2.828141263868998667e+00 6.992939681199461965e+00
4.918212299951929545e+00 8.739052655074005527e-01 3.378375735889655562e+00 8.955054023859055690e+00 4.471878549949385828e+00 5.788685959635337497e+00 4.792917919990635767e+00 2.455552471082197208e+00 8.266517817746530383e+00
2.157956726442327611e+00 0.000000000000000000e+00 5.376035211827032256e+00 1.675028621806514961e-01 2.291561467013616404e+00 6.048297586977868096e-02 0.000000000000000000e+00 0.000000000000000000e+00 1.879767310240972877e-01
3.968386695944295384e-02 0.000000000000000000e+00 9.886329438101490452e-02 9.108571315206219765e+00 4.214104491072234726e-02 3.288971123405874941e+00 0.000000000000000000e+00 0.000000000000000000e+00 1.879769231027538789e-01
4.333162590713071971e+00 0.000000000000000000e+00 2.951602927794302111e+00 6.369974859256164912e+00 6.069828434202256595e+00 7.590850906616726235e+00 0.000000000000000000e+00 0.000000000000000000e+00 7.577679508717910517e-01
2.136580781261059769e+00 0.000000000000000000e+00 5.322816196123201671e+00 1.691776134632027584e-01 2.268876504590087606e+00 6.108699511400211141e-02 0.000000000000000000e+00 0.000000000000000000e+00 1.879764518810705110e-01
1.695785049354905594e+00 0.000000000000000000e+00 4.224654761673148684e+00 2.131539386657276269e-01 1.800785096402755414e+00 7.696637280845934626e-02 0.000000000000000000e+00 0.000000000000000000e+00 1.879762585093941729e-01
1.920353380820967182e-01 0.000000000000000000e+00 4.784114497754956008e-01 1.882275069161794212e+00 2.039255204191393334e-01 6.796585145569674635e-01 0.000000000000000000e+00 0.000000000000000000e+00 1.879763668010462074e-01
2.447393873906110739e-01 0.000000000000000000e+00 6.097112930079428006e-01 1.476931908922509917e+00 2.598924864729599271e-01 5.332947838956664244e-01 0.000000000000000000e+00 0.000000000000000000e+00 1.879760401781001566e-01
2.190288602283093411e+00 0.000000000000000000e+00 5.456545430353611614e+00 1.650321933307393740e-01 2.325875232397117465e+00 5.958931406275620735e-02 0.000000000000000000e+00 0.000000000000000000e+00 1.879706988542232393e-01
3.614673492692515450e-02 0.000000000000000000e+00 9.005112693447762939e-02 9.999914648448068988e+00 3.838484479005304512e-02 3.610838358675830584e+00 0.000000000000000000e+00 0.000000000000000000e+00 1.879795441773305376e-01
1.198447946193223812e+00 0.000000000000000000e+00 2.985652804487972656e+00 3.016098447195556531e-01 1.272650383143888897e+00 1.089070328951614458e-01 0.000000000000000000e+00 0.000000000000000000e+00 1.879772413749555282e-01
1.158119521163671006e+00 0.000000000000000000e+00 2.885219299839663076e+00 3.121094066653312682e-01 1.229866490279085012e+00 1.127025970770751812e-01 0.000000000000000000e+00 0.000000000000000000e+00 1.879903534176331770e-01
2.809130174335673913e-01 0.000000000000000000e+00 6.998306437921795187e-01 1.286742264163977190e+00 2.983067490428905066e-01 4.646231711136933895e-01 0.000000000000000000e+00 0.000000000000000000e+00 1.879770284070071962e-01
3.614655195453726766e-02 0.000000000000000000e+00 9.005060766429380525e-02 9.999938249648195665e+00 3.838470586308802279e-02 3.610800730244249301e+00 0.000000000000000000e+00 0.000000000000000000e+00 1.879730085465903255e-01
2.424459253764751132e+00 0.000000000000000000e+00 6.039982556984352158e+00 1.490902220180601589e-01 2.574575128793383794e+00 5.383380215362146282e-02 0.000000000000000000e+00 0.000000000000000000e+00 1.879753850899439083e-01
