0.000000000000000000e+00
2.914163466797930480e-01
4.502219111063313628e-01
4.931636479796792649e-01
3.926303526016561296e-01
1.828163076566712286e-01
-1.030179792672032968e-01
-3.218005080799080653e-01
-2.055895169799360767e-01
6.152371391739680506e-02
2.134131782877493333e-01
1.906915137581767228e-01
1.159031398806138619e-01
5.514865718142790418e-02
2.914170038442649990e-01
4.502225790617287449e-01
4.931646530946922624e-01
3.926317386985366809e-01
1.828178213232396487e-01
-1.030166464375346785e-01
-3.217996440549725778e-01
-2.055893579622234402e-01
6.152312759601596265e-02
2.134122341126356293e-01
1.906907186934234111e-01
1.159026607311095663e-01
5.514842960451717124e-02
2.914166966501077205e-01
4.502222767417563554e-01
4.931643033679168342e-01
3.926313212799139585e-01
1.828173489657712036e-01
-1.030171397088474605e-01
-3.218001007012932235e-01
-2.055897086771115712e-01
6.152292074005459577e-02
2.134121305474578623e-01
1.906906532730660020e-01
1.159026232529200839e-01
5.514841200120966513e-02
2.914172625342072998e-01
4.502228260192256970e-01
4.931648552236136407e-01
3.926319129273432851e-01
1.828180382063102904e-01
-1.030163308480431389e-01
-3.217992189392785973e-01
-2.055888500697053700e-01
6.152367165722164022e-02
2.134127404036671727e-01
1.906911099217764582e-01
1.159028933686542806e-01
5.514853978013127545e-02
2.914159357825608088e-01
4.502215382051833470e-01
4.931635613902199400e-01
3.926305258251895913e-01
1.828164222919223814e-01
-1.030182272442021485e-01
-3.218012862991934675e-01
-2.055908631938355158e-01
6.152191097250468005e-02
2.134113104306442910e-01
1.906900391785076587e-01
1.159022600045261780e-01
5.514824016558144554e-02
2.914008922354056619e-01
4.502064892957805542e-01
4.931434793353409729e-01
3.926044123323906287e-01
1.827875028950627923e-01
-1.030455761670300979e-01
-3.218223505556537245e-01
-2.056012372964349244e-01
6.152361502080394562e-02
2.134196472462331906e-01
1.906975902732701289e-01
1.159068581621154892e-01
5.515042891518070339e-02
2.914188603375058584e-01
4.502244505823052023e-01
4.931673053556341890e-01
3.926352951865091367e-01
1.828217308808864905e-01
-1.030130834149334262e-01
-3.217971209663412768e-01
-2.055884780184327187e-01
6.152222073162605387e-02
2.134104160316992460e-01
1.906891537792464730e-01
1.159017145929128328e-01
5.514797991906093821e-02
2.914154918586760457e-01
4.502211279328012794e-01
4.931633782396669941e-01
3.926305410188153378e-01
1.828163706865813254e-01
-1.030185919502246833e-01
-3.218020877175904459e-01
-2.055921114476286504e-01
6.152032186170836026e-02
2.134096989225797436e-01
1.906887721106139688e-01
1.159015044397278815e-01
5.514788211699085674e-02
2.914158992159399664e-01
4.502214812769345098e-01
4.931632661428920761e-01
3.926299894222204934e-01
1.828158694381890048e-01
-1.030185599469085334e-01
-3.218012292699853338e-01
-2.055903213887346481e-01
6.152290179487179822e-02
2.134124486554153655e-01
1.906909542353761311e-01
1.159028075873160396e-01
5.514849985240413699e-02
2.914165693382629874e-01
4.502221410360498499e-01
4.931640323106949997e-01
3.926309062545304540e-01
1.828169062432422054e-01
-1.030174803847455078e-01
-3.218002345616645665e-01
-2.055895638382292945e-01
6.152333996965725360e-02
2.134126597700885253e-01
1.906910850699989335e-01
1.159028822395730407e-01
5.514853488413203747e-02
2.914153967422282721e-01
4.502210223128135791e-01
4.931631244725541707e-01
3.926301325816851095e-01
1.828159395534706411e-01
-1.030189018469507833e-01
-3.218021652153298939e-01
-2.055918852998434021e-01
6.152084029676840871e-02
2.134103268403106934e-01
1.906892812200842446e-01
1.159018095010504179e-01
5.514802683105166081e-02
2.914167119660805993e-01
4.502222820771338285e-01
4.931642028766071162e-01
3.926311157770829841e-01
1.828171415935450628e-01
-1.030172425144382647e-01
-3.218000261415693286e-01
-2.055894198497766334e-01
6.152340321764948605e-02
2.134126706977260424e-01
1.906910856410945765e-01
1.159028818122548182e-01
5.514853460300628979e-02
2.914167520005818690e-01
4.502222218768430206e-01
4.931630422443115114e-01
3.926288553496062317e-01
1.828148411882635216e-01
-1.030184813131869020e-01
-3.217994368779544256e-01
-2.055865987620104085e-01
6.152825964643149348e-02
2.134181562371834373e-01
1.906954832251823440e-01
1.159055122246356734e-01
5.514978193665293071e-02
2.914157521650175831e-01
4.502215340867429805e-01
4.931654909070083415e-01
3.926343804102786494e-01
1.828203276116179554e-01
-1.030162117748369965e-01
-3.218024984751648443e-01
-2.055959934546936208e-01
6.151322488953735873e-02
2.134015468353710754e-01
1.906822184669382803e-01
1.158975826565069173e-01
5.514602224307660339e-02
2.914200720827556657e-01
4.502257805134989854e-01
4.931703490193734551e-01
3.926401353669946026e-01
1.828268528042003294e-01
-1.030093398798052062e-01
-3.217960505701930041e-01
-2.055909236554049890e-01
6.151637371271109767e-02
2.134032750526668187e-01
1.906833564738242559e-01
1.158982401206273966e-01
5.514633163881074024e-02
2.914168657478113378e-01
4.502224289644349842e-01
4.931643240047036136e-01
3.926312212109402955e-01
1.828172724217059786e-01
-1.030170538602838415e-01
-3.217997738517385242e-01
-2.055891201576974525e-01
6.152372275914479854e-02
2.134129672695840307e-01
1.906913146831405725e-01
1.159030179957831613e-01
5.514859909733960813e-02
2.914186126854142467e-01
4.502241282757956653e-01
4.931660717177567821e-01
3.926331322806279611e-01
1.828194864932337904e-01
-1.030145092078484231e-01
-3.217970711296658237e-01
-2.055865709854374779e-01
6.152586441220562335e-02
2.134146499705637523e-01
1.906925639971371600e-01
1.159037559153122121e-01
5.514894806139065964e-02
2.914209007497032267e-01
4.502264266761811795e-01
4.931692414183624362e-01
3.926373253096284155e-01
1.828241107949812316e-01
-1.030102249852885843e-01
-3.217939179771141522e-01
-2.055852584183330833e-01
6.152514359392533688e-02
2.134128589123632791e-01
1.906909959642313912e-01
1.159028055847753369e-01
5.514849615040749026e-02
2.914160811597499845e-01
4.502216900724524962e-01
4.931638334294702330e-01
3.926309278133983671e-01
1.828168544427502817e-01
-1.030178787176522642e-01
-3.218011169832686869e-01
-2.055909423457007168e-01
6.152158232102551694e-02
2.134108761449375335e-01
1.906896824914827981e-01
1.159020458511123980e-01
5.514813853288033640e-02
2.914165703235730986e-01
4.502221425009992339e-01
4.931640394304734332e-01
3.926309191041803537e-01
1.828169195035041217e-01
-1.030174723228372280e-01
-3.218002357312601536e-01
-2.055895765143015419e-01
6.152331661791871076e-02
2.134126328917713977e-01
1.906910634546247207e-01
1.159028693039764468e-01
5.514852874946046118e-02
