0.000000000000000000e+00
2.250205416011477055e-01
3.889869617161980653e-01
4.673176518484195574e-01
3.978717329732472940e-01
1.781273084493703029e-01
-1.558942063434917147e-01
-4.423446907338691725e-01
-3.958451509396077039e-01
-1.823469699695644541e-01
-3.463151498797790995e-02
-4.447723502262226382e-03
-4.709012110661264057e-04
0.000000000000000000e+00
2.250200377590507728e-01
3.889864635587862995e-01
4.673170502752990729e-01
3.978709946675244025e-01
1.781264789430284656e-01
-1.558950455965210091e-01
-4.423454274140435905e-01
-3.958456618019964290e-01
-1.823471972494207227e-01
-3.463155795529976322e-02
-4.447729020589664614e-03
-4.709017957664647907e-04
0.000000000000000000e+00
2.250203850485782975e-01
3.889868069299599607e-01
4.673174649291084171e-01
3.978715035687203638e-01
1.781270507072127973e-01
-1.558944671141159199e-01
-4.423449196333096856e-01
-3.958453096735047860e-01
-1.823470405893989066e-01
-3.463152833867781666e-02
-4.447725216903270114e-03
-4.709013927427684520e-04
0.000000000000000000e+00
2.250202985641254205e-01
3.889867214212828217e-01
4.673173616691336796e-01
3.978713768386060723e-01
1.781269083225199834e-01
-1.558946111718266803e-01
-4.423450460843987297e-01
-3.958453973629901812e-01
-1.823470796019668050e-01
-3.463153571401494241e-02
-4.447726164123704147e-03
-4.709014931065315965e-04
0.000000000000000000e+00
2.250200220998916922e-01
3.889864480763043364e-01
4.673170315787089635e-01
3.978709717213536612e-01
1.781264531623883984e-01
-1.558950716800832081e-01
-4.423454503096930779e-01
-3.958456776793426446e-01
-1.823472043131643960e-01
-3.463155929070252381e-02
-4.447729192096506329e-03
-4.709018139386572741e-04
0.000000000000000000e+00
2.250203640968393426e-01
3.889867862146125788e-01
4.673174399133284695e-01
3.978714728670603717e-01
1.781270162130716983e-01
-1.558945020135625859e-01
-4.423449502673730827e-01
-3.958453309171751644e-01
-1.823470500405905415e-01
-3.463153012542830034e-02
-4.447725446377061645e-03
-4.709014170569115446e-04
0.000000000000000000e+00
2.250203926683703726e-01
3.889868144637804170e-01
4.673174740269231964e-01
3.978715147343934166e-01
1.781270632521466668e-01
-1.558944544217790718e-01
-4.423449084922205232e-01
-3.958453019475422496e-01
-1.823470371521608013e-01
-3.463152768886697264e-02
-4.447725133447545144e-03
-4.709013839001270434e-04
0.000000000000000000e+00
2.250203396982218274e-01
3.889867620912767499e-01
4.673174107820738388e-01
3.978714371145120055e-01
1.781269760441218653e-01
-1.558945426544969814e-01
-4.423449859412039720e-01
-3.958453556557511299e-01
-1.823470610466464414e-01
-3.463153220612631006e-02
-4.447725713602767618e-03
-4.709014453710996698e-04
0.000000000000000000e+00
2.250203518172908534e-01
3.889867740736101531e-01
4.673174252518971783e-01
3.978714548732066314e-01
1.781269959964930649e-01
-1.558945224676856478e-01
-4.423449682216091805e-01
-3.958453433678209565e-01
-1.823470555798141213e-01
-3.463153117262010583e-02
-4.447725580868740723e-03
-4.709014313071225818e-04
0.000000000000000000e+00
2.250203272079221439e-01
3.889867497419009501e-01
4.673173958690114982e-01
3.978714188118337436e-01
1.781269554805705591e-01
-1.558945634596697882e-01
-4.423450042035846907e-01
-3.958453683200846562e-01
-1.823470666809385021e-01
-3.463153327129083608e-02
-4.447725850402697509e-03
-4.709014598658838946e-04
0.000000000000000000e+00
2.250203578011343297e-01
3.889867799899399126e-01
4.673174323964359722e-01
3.978714636416400552e-01
1.781270058480639573e-01
-1.558945125003590171e-01
-4.423449594724814249e-01
-3.958453373006015075e-01
-1.823470528805417046e-01
-3.463153066232187854e-02
-4.447725515330731676e-03
-4.709014243629721405e-04
0.000000000000000000e+00
2.250203178228071810e-01
3.889867404626751179e-01
4.673173846634513517e-01
3.978714050593423757e-01
1.781269400292764260e-01
-1.558945790925162500e-01
-4.423450179257968351e-01
-3.958453778359672937e-01
-1.823470709145021407e-01
-3.463153407164725611e-02
-4.447725953193111710e-03
-4.709014707571530637e-04
0.000000000000000000e+00
2.250203086634290917e-01
3.889867314066393633e-01
4.673173737274147199e-01
3.978713916376348525e-01
1.781269249496270080e-01
-1.558945943493513786e-01
-4.423450313179533300e-01
-3.958453871229676846e-01
-1.823470750462373169e-01
-3.463153485275297788e-02
-4.447726053511142502e-03
-4.709014813864583339e-04
0.000000000000000000e+00
2.250204467882973569e-01
3.889868679730899559e-01
4.673175386445752588e-01
3.978715940391041039e-01
1.781271523531228196e-01
-1.558943642738678248e-01
-4.423448293621170535e-01
-3.958452470735344120e-01
-1.823470127390176831e-01
-3.463152307355527731e-02
-4.447724540699381224e-03
-4.709013210948556974e-04
0.000000000000000000e+00
2.250203275350189935e-01
3.889867500653072518e-01
4.673173962595558728e-01
3.978714192911456671e-01
1.781269560190902324e-01
-1.558945629148223988e-01
-4.423450037253281453e-01
-3.958453679884301746e-01
-1.823470665333872531e-01
-3.463153324339623973e-02
-4.447725846820171740e-03
-4.709014594862934383e-04
0.000000000000000000e+00
2.250197306167189826e-01
3.889861598818407096e-01
4.673166835560986776e-01
3.978705445960781795e-01
1.781259732756503844e-01
-1.558955572054833150e-01
-4.423458764945549238e-01
-3.958459732239006934e-01
-1.823473357993065647e-01
-3.463158414819532405e-02
-4.447732384564145533e-03
-4.709021522000108803e-04
0.000000000000000000e+00
2.250201910820664453e-01
3.889866151519086879e-01
4.673172333386150235e-01
3.978712193396203300e-01
1.781267313681724751e-01
-1.558947902053852141e-01
-4.423452032366145259e-01
-3.958455063426520870e-01
-1.823471280864167321e-01
-3.463154488001406184e-02
-4.447727341320286548e-03
-4.709016178376658718e-04
0.000000000000000000e+00
2.250203389429800693e-01
3.889867613445560646e-01
4.673174098803365983e-01
3.978714360078173806e-01
1.781269748007207054e-01
-1.558945439125081212e-01
-4.423449870454618793e-01
-3.958453564215161369e-01
-1.823470613873310331e-01
-3.463153227053283878e-02
-4.447725721874548448e-03
-4.709014462475452330e-04
0.000000000000000000e+00
2.250204528216334099e-01
3.889868739383539054e-01
4.673175458482068390e-01
3.978716028800617366e-01
1.781271622861764214e-01
-1.558943542241010283e-01
-4.423448205406249611e-01
-3.958452409561327712e-01
-1.823470100174194586e-01
-3.463152255903635679e-02
-4.447724474619305784e-03
-4.709013140932699713e-04
0.000000000000000000e+00
2.250203479871240031e-01
3.889867702866579013e-01
4.673174206787870655e-01
3.978714492606664210e-01
1.781269896906531036e-01
-1.558945288476192292e-01
-4.423449738217921645e-01
-3.958453472513554505e-01
-1.823470573075771928e-01
-3.463153149925420060e-02
-4.447725622818618323e-03
-4.709014357519671393e-04
0.000000000000000000e+00
