0.000000000000000000e+00
4.028344640451075320e-01
3.862488602374711810e-01
3.351546391319759621e-01
3.104555152283935415e-01
3.776742629537966911e-01
5.134747050563669424e-01
6.530359028971626234e-01
7.439621826472191390e-01
7.655488555359030167e-01
6.958666033445775057e-01
5.350036362867216511e-01
3.178665800966717359e-01
1.505123566273371405e-01
4.028344042276900683e-01
3.862488028828717779e-01
3.351545893644244378e-01
3.104554691284472367e-01
3.776742068724504575e-01
5.134746288098351874e-01
6.530358059270057192e-01
7.439620721752997490e-01
7.655487418585502635e-01
6.958665000144337309e-01
5.350035568433306743e-01
3.178665328962467229e-01
1.505123342775600559e-01
4.028343356048584845e-01
3.862487370853970314e-01
3.351545322708477381e-01
3.104554162423651675e-01
3.776741425356579529e-01
5.134745413394438129e-01
6.530356946823709929e-01
7.439619454413777255e-01
7.655486114473395443e-01
6.958663814735912556e-01
5.350034657054869580e-01
3.178664787476900844e-01
1.505123086377873620e-01
4.028343881253181880e-01
3.862487874434709090e-01
3.351545759673963398e-01
3.104554567187092773e-01
3.776741917757991951e-01
5.134746082848766768e-01
6.530357798234125433e-01
7.439620424371398144e-01
7.655487112575133368e-01
6.958664721987828372e-01
5.350035354578032143e-01
3.178665201902686199e-01
1.505123282611782742e-01
4.028343853444718015e-01
3.862487847771182148e-01
3.351545736537572262e-01
3.104554545755731088e-01
3.776741891686386521e-01
5.134746047402587443e-01
6.530357753153759326e-01
7.439620373014209642e-01
7.655487059727773547e-01
6.958664673950772928e-01
5.350035317645667199e-01
3.178665179959724307e-01
1.505123272221615405e-01
4.028335351753904447e-01
3.862479696114161642e-01
3.351538663207530022e-01
3.104547993692693963e-01
3.776733920993463056e-01
5.134735210685342777e-01
6.530343971042663620e-01
7.439604671933447433e-01
7.655470903067275179e-01
6.958649987911624812e-01
5.350024026567307134e-01
3.178658471488565174e-01
1.505120095707106753e-01
4.028342116818574570e-01
3.862486182645855637e-01
3.351544291680291221e-01
3.104553207376788415e-01
3.776740263526293107e-01
5.134743833804505941e-01
6.530354937905008539e-01
7.439617165780739727e-01
7.655483759433793223e-01
6.958661674058153057e-01
5.350033011236001723e-01
3.178663809631556147e-01
1.505122623360316825e-01
4.028344606082232549e-01
3.862488569420912121e-01
3.351546362725192907e-01
3.104555125796636950e-01
3.776742597315730920e-01
5.134747006755274734e-01
6.530358973256215060e-01
7.439621762999174548e-01
7.655488490044292105e-01
6.958665974076153615e-01
5.350036317222026661e-01
3.178665773847125231e-01
1.505123553432028416e-01
4.028341781263896637e-01
3.862485860906720858e-01
3.351544012501826986e-01
3.104552948772300036e-01
3.776739948929661028e-01
5.134743406088273510e-01
6.530354393936526058e-01
7.439616546072117531e-01
7.655483121743816843e-01
6.958661094412380566e-01
5.350032565586512190e-01
3.178663544853769229e-01
1.505122497985926511e-01
1.476066239593104845e-01
1.361065989435244761e-01
5.713494248140919829e-02
-1.227428124475442479e-02
9.789595090535547703e-03
1.172006774857998201e-01
2.681279488954098067e-01
4.237090997764706435e-01
5.434543617533197368e-01
5.529063959421525176e-01
4.349995940108891124e-01
2.594203169963547051e-01
1.229372785454048017e-01
4.028344065321074474e-01
3.862488050924111072e-01
3.351545912816789041e-01
3.104554709044101690e-01
3.776742090329387458e-01
5.134746317471707844e-01
6.530358096627021380e-01
7.439620764311406509e-01
7.655487462378779417e-01
6.958665039951434927e-01
5.350035599038227563e-01
3.178665347146046871e-01
1.505123351385670438e-01
4.028344003768227211e-01
3.862487991905533269e-01
3.351545861605375043e-01
3.104554661606698795e-01
3.776742032621002720e-01
5.134746239013102675e-01
6.530357996843555446e-01
7.439620650634463095e-01
7.655487345403405586e-01
6.958664933623465165e-01
5.350035517290014919e-01
3.178665298576238141e-01
1.505123328387479309e-01
4.028342555518458212e-01
3.862486603283475373e-01
3.351544656674635969e-01
3.104553545472980569e-01
3.776740674825896371e-01
5.134744392995224116e-01
6.530355649082427716e-01
7.439617975979846420e-01
7.655484593141491656e-01
6.958662431879604204e-01
5.350033593872428606e-01
3.178664155798640034e-01
1.505122787273187601e-01
4.028345055897920579e-01
3.862489000716672893e-01
3.351546736967786488e-01
3.104555472459530896e-01
3.776743019036867821e-01
5.134747580114801258e-01
6.530359702453490955e-01
7.439622593727154287e-01
7.655489344876525992e-01
6.958666751099329417e-01
5.350036914621331130e-01
3.178666128785411216e-01
1.505123721498133060e-01
4.028343865692650683e-01
3.862487859514839861e-01
3.351545746727741526e-01
3.104554555194938836e-01
3.776741903169338888e-01
5.134746063014468120e-01
6.530357773008911293e-01
7.439620395633919081e-01
7.655487083003812421e-01
6.958664695108166542e-01
5.350035333912122049e-01
3.178665189624260701e-01
1.505123276797850351e-01
4.028344470360246121e-01
3.862488439286905773e-01
3.351546249805724687e-01
3.104555021198736053e-01
3.776742470070656443e-01
5.134746833756652640e-01
6.530358753236981117e-01
7.439621512345283572e-01
7.655488232117473313e-01
6.958665739626506141e-01
5.350036136969931189e-01
3.178665666752306662e-01
1.505123502721779361e-01
4.028344079337922157e-01
3.862488064363853169e-01
3.351545924478679384e-01
3.104554719846572830e-01
3.776742103470772105e-01
5.134746335338343792e-01
6.530358119349766177e-01
7.439620790197981615e-01
7.655487489016474800e-01
6.958665064164497593e-01
5.350035617653974285e-01
3.178665358206390068e-01
1.505123356622831143e-01
4.028338332873890315e-01
3.862482554494711673e-01
3.351541143472457907e-01
3.104550291175218191e-01
3.776736715918907472e-01
5.134739010582923813e-01
6.530348803743326602e-01
7.439610177521298606e-01
7.655476568404273596e-01
6.958655137574882854e-01
5.350027985786725004e-01
3.178660823815635528e-01
1.505121209552704453e-01
4.028344336162312245e-01
3.862488310614203835e-01
3.351546138154254950e-01
3.104554917775388945e-01
3.776742344254446215e-01
5.134746662700672148e-01
6.530358535688393085e-01
7.439621264506043330e-01
7.655487977086973261e-01
6.958665507809548290e-01
5.350035958741926612e-01
3.178665560860080008e-01
1.505123452580967025e-01
3.761795743518761004e-01
3.603649754098446900e-01
3.090246651144959444e-01
2.823263548972334003e-01
3.449428560879237993e-01
4.752280846364290712e-01
6.115618577146572088e-01
7.038317349906713094e-01
7.307223200556877130e-01
6.677568530711797123e-01
5.139884471073734584e-01
3.054390294186865584e-01
1.446338137356992237e-01
