0.000000000000000000e+00
-5.942120378118753710e-02
-5.884776952545112128e-02
-5.376000580082906932e-02
-5.092658341776845621e-02
-5.830129330745847938e-02
-7.288227139959913004e-02
-8.751945531345803331e-02
-9.810929337991709798e-02
-1.007861424109184889e-01
-9.159748351831380198e-02
-7.042176229018379252e-02
-4.184020872876118013e-02
-1.981165816530355145e-02
2.733225090189950746e-01
4.475032115532354138e-01
6.552898046238491148e-01
7.187105718038847568e-01
5.128013483336528733e-01
6.532845772013595731e-02
-4.289477096733738115e-01
-6.466811393621220150e-01
-6.822625084712581334e-01
-6.216305068437741888e-01
-4.780473280638249944e-01
-2.840378852149766931e-01
-1.344955676726745097e-01
2.733227008045340800e-01
4.475033954425310379e-01
6.552899641876870351e-01
7.187107196087119121e-01
5.128015281406668180e-01
6.532870218040898180e-02
-4.289473987693827040e-01
-6.466807851690206110e-01
-6.822621440009533078e-01
-6.216301755485065250e-01
-4.780470733538388362e-01
-2.840377338818142472e-01
-1.344954960152171253e-01
2.733226982038037822e-01
4.475033929488786977e-01
6.552899620239027723e-01
7.187107176043872059e-01
5.128015257023728068e-01
6.532869886537684412e-02
-4.289474029854327686e-01
-6.466807899720975472e-01
-6.822621489433955411e-01
-6.216301800410748424e-01
-4.780470768078634025e-01
-2.840377359339852914e-01
-1.344954969869364692e-01
4.217014288989775345e-02
1.314402979151027551e-01
2.450819304234002072e-01
2.818462357785506134e-01
1.654446347157135788e-01
-8.516805051790798942e-02
-3.596092241299288506e-01
-4.872264358126780492e-01
-5.096172646351164737e-01
-4.639516737791623546e-01
-3.567585567144277992e-01
-2.119697420244384123e-01
-1.003700317157031480e-01
2.733225768245503562e-01
4.475032765670829971e-01
6.552898610374592314e-01
7.187106240601102147e-01
5.128014119042145769e-01
6.532854414878253024e-02
-4.289475997536277285e-01
-6.466810141375610721e-01
-6.822623796132037954e-01
-6.216303897147159585e-01
-4.780472380114042519e-01
-2.840378317113123607e-01
-1.344955423382634407e-01
2.733226830419473452e-01
4.475033784112701363e-01
6.552899494093751276e-01
7.187107059194834946e-01
5.128015114874943103e-01
6.532867953925053373e-02
-4.289474275643541112e-01
-6.466808179732961293e-01
-6.822621777570718749e-01
-6.216302062320552269e-01
-4.780470969442942586e-01
-2.840377478978262649e-01
-1.344955026519104313e-01
2.733226933687233351e-01
4.475033883128694545e-01
6.552899580011595226e-01
7.187107138780988169e-01
5.128015211692813491e-01
6.532869270232061210e-02
-4.289474108235930006e-01
-6.466807989016140068e-01
-6.822621581320092998e-01
-6.216301883933169625e-01
-4.780470832293239880e-01
-2.840377397492260814e-01
-1.344954987934833812e-01
2.733227199895457704e-01
4.475034138376525195e-01
6.552899801494436183e-01
7.187107343941714355e-01
5.128015461274226805e-01
6.532872663466776642e-02
-4.289473676685149339e-01
-6.466807497377839997e-01
-6.822621075416503977e-01
-6.216301424078244375e-01
-4.780470478742636642e-01
-2.840377187434023343e-01
-1.344954888470585308e-01
2.733226839753450932e-01
4.475033793062377918e-01
6.552899501859535958e-01
7.187107066388322973e-01
5.128015123625939697e-01
6.532868072900999135e-02
-4.289474260512207149e-01
-6.466808162494797063e-01
-6.822621759832374622e-01
-6.216302046196799935e-01
-4.780470957046506486e-01
-2.840377471613054761e-01
-1.344955023031619568e-01
3.202183592870239681e-01
3.980334931461369519e-01
4.763990418550815842e-01
4.961121931328378865e-01
4.261166486379667773e-01
2.692582326554947003e-01
9.116901541369251682e-02
2.632257339043970329e-02
1.883343858922246344e-02
1.639812570426982252e-02
1.254914013719085619e-02
7.450401825269828762e-03
3.527153540581674795e-03
2.733226624918190795e-01
4.475033587072370089e-01
6.552899323118538399e-01
7.187106900819590916e-01
5.128014922208843362e-01
6.532865334493997977e-02
-4.289474608782156695e-01
-6.466808559256552735e-01
-6.822622168106498020e-01
-6.216302417308747774e-01
-4.780471242368779516e-01
-2.840377641134174680e-01
-1.344955103301219701e-01
2.733220414269971754e-01
4.475027632130551547e-01
6.552894155915260921e-01
7.187102114411860754e-01
5.128009099464767573e-01
6.532786170195831188e-02
-4.289484676878680958e-01
-6.466820029197228870e-01
-6.822633970856910590e-01
-6.216313145742053958e-01
-4.780479490718108626e-01
-2.840382541801038108e-01
-1.344957423806000529e-01
2.733226712749755039e-01
4.475033671287710346e-01
6.552899396193606618e-01
7.187106968509413552e-01
5.128015004554630218e-01
6.532866454042851601e-02
-4.289474466398199848e-01
-6.466808397047587587e-01
-6.822622001190906671e-01
-6.216302265586247655e-01
-4.780471125719858438e-01
-2.840377571828489045e-01
-1.344955070484425697e-01
2.733227052831936899e-01
4.475033997367941496e-01
6.552899679138912692e-01
7.187107230603146935e-01
5.128015323395986869e-01
6.532870788915207116e-02
-4.289473915090170619e-01
-6.466807768977486104e-01
-6.822621354896836188e-01
-6.216301678119547924e-01
-4.780470674057400449e-01
-2.840377303478161530e-01
-1.344954943418409099e-01
2.733230126990129905e-01
4.475036944956105600e-01
6.552902236810790315e-01
7.187109599788137348e-01
5.128018205548666719e-01
6.532909973806583226e-02
-4.289468931565049159e-01
-6.466802091564942678e-01
-6.822615512749512501e-01
-6.216296367739700957e-01
-4.780466591274126764e-01
-2.840374877736973613e-01
-1.344953794810641867e-01
2.733226781746354028e-01
4.475033737443563919e-01
6.552899453598154400e-01
7.187107021683549757e-01
5.128015069241845802e-01
6.532867333511005459e-02
-4.289474354547649915e-01
-6.466808269623384176e-01
-6.822621870069386363e-01
-6.216302146399749207e-01
-4.780471034085614357e-01
-2.840377517385001549e-01
-1.344955044705000713e-01
2.733227381909542619e-01
4.475034312896679634e-01
6.552899952928512572e-01
7.187107484215901065e-01
5.128015631920092021e-01
6.532874983517245049e-02
-4.289473381621684567e-01
-6.466807161230840872e-01
-6.822620729515923577e-01
-6.216301109662437652e-01
-4.780470237010098766e-01
-2.840377043811270208e-01
-1.344954820464068224e-01
2.733227601475552992e-01
4.475034523422661836e-01
6.552900135605451704e-01
7.187107653430515608e-01
5.128015837772467167e-01
6.532877782224971730e-02
-4.289473025682705165e-01
-6.466806755732248391e-01
-6.822620312251457264e-01
-6.216300730378468975e-01
-4.780469945404924315e-01
-2.840376870557234090e-01
-1.344954738426902552e-01
2.733226979227927345e-01
4.475033926794375061e-01
6.552899617901042362e-01
7.187107173878182209e-01
5.128015254389131083e-01
6.532869850718486804e-02
-4.289474034409804792e-01
-6.466807904910740756e-01
-6.822621494774305795e-01
-6.216301805265006530e-01
-4.780470771810736430e-01
-2.840377361557241409e-01
-1.344954970919315651e-01
