0.000000000000000000e+00
2.543866919744630084e-01
3.973449299431271453e-01
7.211856653641901538e-01
9.481738288545769056e-01
7.552003832775916470e-01
2.563635316441331136e-01
-1.057528952986905441e-01
-2.598111316311830232e-01
-3.075081281030979663e-01
-2.668068864568436949e-01
-1.611497349485297714e-01
-6.592173580045551651e-02
-1.722633021414592819e-02
2.543871393479922860e-01
3.973453836905815328e-01
7.211860329544343973e-01
9.481741195368174058e-01
7.552007325505710744e-01
2.563641553652908356e-01
-1.057518128609387514e-01
-2.598095809825481384e-01
-3.075063508275944768e-01
-2.668053480445820580e-01
-1.611488059822489827e-01
-6.592135580156976982e-02
-1.722623091553258587e-02
2.543864840985730069e-01
3.973447191055389793e-01
7.211854945602775846e-01
9.481736937866180881e-01
7.552002209849508763e-01
2.563632418268276814e-01
-1.057533982625369490e-01
-2.598118521531719849e-01
-3.075089539291760432e-01
-2.668076012930983842e-01
-1.611501666005605293e-01
-6.592191237014821681e-02
-1.722637635408554718e-02
2.543872646673139282e-01
3.973455107953819954e-01
7.211861359246751757e-01
9.481742009634078761e-01
7.552008303897367325e-01
2.563643300835234951e-01
-1.057515096459386156e-01
-2.598091466112179559e-01
-3.075058529730146928e-01
-2.668049171009334586e-01
-1.611485457580370262e-01
-6.592124935539120378e-02
-1.722620309977226927e-02
2.543873392434605751e-01
3.973455864340473820e-01
7.211861972011301969e-01
9.481742494194741466e-01
7.552008886127454801e-01
2.563644340564174007e-01
-1.057513292060350690e-01
-2.598088881216284451e-01
-3.075055567052432659e-01
-2.668046606511194629e-01
-1.611483909014775340e-01
-6.592118601044395787e-02
-1.722618654691998596e-02
2.543866308696566270e-01
3.973448679677340500e-01
7.211856151566360396e-01
9.481737891515528149e-01
7.552003355719130173e-01
2.563634464527704826e-01
-1.057530431441595226e-01
-2.598113434275420297e-01
-3.075083708534361304e-01
-2.668070965818896134e-01
-1.611498618319973930e-01
-6.592178770285210543e-02
-1.722634377691203977e-02
2.543867407547621973e-01
3.973449794184204520e-01
7.211857054451535909e-01
9.481738605497169736e-01
7.552004213612941719e-01
2.563635996528611516e-01
-1.057527772728488330e-01
-2.598109625529981259e-01
-3.075079343141831623e-01
-2.668067187128770890e-01
-1.611496336567676824e-01
-6.592169436649013281e-02
-1.722631938691599959e-02
2.543865849669694201e-01
3.973448214110512633e-01
7.211855774400995900e-01
9.481737593261494457e-01
7.552002997348165048e-01
2.563633824559639063e-01
-1.057531542075066527e-01
-2.598115025315896331e-01
-3.075085532104962494e-01
-2.668072544304261884e-01
-1.611499571484295290e-01
-6.592182669257515282e-02
-1.722635396542989555e-02
2.543867765331069286e-01
3.973450157065148147e-01
7.211857348428931669e-01
9.481738837967996769e-01
7.552004492941248870e-01
2.563636495344682187e-01
-1.057526907057442928e-01
-2.598108385410979326e-01
-3.075077921779780232e-01
-2.668065956795711569e-01
-1.611495593634228729e-01
-6.592166397637927444e-02
-1.722631144558780039e-02
2.543866245136953697e-01
3.973448615212166191e-01
7.211856099341782400e-01
9.481737850217486496e-01
7.552003306096938262e-01
2.563634375913889096e-01
-1.057530585226564429e-01
-2.598113654580423426e-01
-3.075083961036879643e-01
-2.668071184385443773e-01
-1.611498750300820459e-01
-6.592179310160292682e-02
-1.722634518767530640e-02
2.543869476354104764e-01
3.973451892465872382e-01
7.211858754313129616e-01
9.481739949710146220e-01
7.552005828769308149e-01
2.563638880826161759e-01
-1.057522767170287897e-01
-2.598102454806327510e-01
-3.075071124418901070e-01
-2.668060072990244835e-01
-1.611492040713456142e-01
-6.592151864215535506e-02
-1.722627346787931890e-02
2.543866536426123703e-01
3.973448910651459776e-01
7.211856338683294565e-01
9.481738039483464942e-01
7.552003533511905120e-01
2.563634782024681313e-01
-1.057529880441024778e-01
-2.598112644938314064e-01
-3.075082803835855749e-01
-2.668070182710553517e-01
-1.611498145442018803e-01
-6.592176835951320257e-02
-1.722633872224792542e-02
2.543866403908274787e-01
3.973448776245571690e-01
7.211856229798291329e-01
9.481737953379610895e-01
7.552003430052712796e-01
2.563634597270375570e-01
-1.057530201073142578e-01
-2.598113104260575401e-01
-3.075083330287938232e-01
-2.668070638408242545e-01
-1.611498420613894089e-01
-6.592177961557363353e-02
-1.722634166360179422e-02
2.543868183787144077e-01
3.973450581483148336e-01
7.211857692258775154e-01
9.481739109861037074e-01
7.552004819637824218e-01
2.563637078749578246e-01
-1.057525894586603815e-01
-2.598106934993602013e-01
-3.075076259384305621e-01
-2.668064517823769966e-01
-1.611494724714729043e-01
-6.592162843273807749e-02
-1.722630215757560770e-02
2.543866470833242577e-01
3.973448844124048418e-01
7.211856284788056293e-01
9.481737996864301188e-01
7.552003482302301896e-01
2.563634690576115371e-01
-1.057530039145565953e-01
-2.598112872290861408e-01
-3.075083064415914946e-01
-2.668070408269031524e-01
-1.611498281644924702e-01
-6.592177393096972093e-02
-1.722634017814142493e-02
2.543908781003038633e-01
3.973491757105219180e-01
7.211891049486075511e-01
9.481765488019107124e-01
7.552036514652445964e-01
2.563693678751232108e-01
-1.057427668034910812e-01
-2.597966220326135556e-01
-3.074914979307157292e-01
-2.667924913554340360e-01
-1.611410425036296501e-01
-6.591818010694444618e-02
-1.722540106553955772e-02
2.543866597121813289e-01
3.973448972211907071e-01
7.211856388554692687e-01
9.481738078920664003e-01
7.552003580898177804e-01
2.563634866645659871e-01
-1.057529733585429871e-01
-2.598112434560001516e-01
-3.075082562710810818e-01
-2.668069973992364119e-01
-1.611498019408077742e-01
-6.592176320402390322e-02
-1.722633737505203239e-02
2.543865113091541286e-01
3.973447467038010439e-01
7.211855169182033176e-01
9.481737114667716515e-01
7.552002422287663608e-01
2.563632797633930704e-01
-1.057533324254716772e-01
-2.598117578381360926e-01
-3.075088458300238026e-01
-2.668075077223149294e-01
-1.611501100980839984e-01
-6.592188925749217776e-02
-1.722637031445021713e-02
2.543866486703523222e-01
3.973448860220439860e-01
7.211856297828077578e-01
9.481738007176061522e-01
7.552003494692529628e-01
2.563634712702211882e-01
-1.057530000746800952e-01
-2.598112817282623999e-01
-3.075083001368238977e-01
-2.668070353694871888e-01
-1.611498248690458879e-01
-6.592177258294874831e-02
-1.722633982588614790e-02
2.543865569381660308e-01
3.973447929829093672e-01
7.211855544098708659e-01
9.481737411143537075e-01
7.552002778521994530e-01
2.563633433786458582e-01
-1.057532220242926729e-01
-2.598115996826789176e-01
-3.075086645601903257e-01
-2.668073508148833817e-01
-1.611500153499356991e-01
-6.592185050022883464e-02
-1.722636018667707963e-02
