0.000000000000000000e+00
3.821241693410153406e-01
3.778610585357621288e-01
3.612882414499097861e-01
3.361259534123826609e-01
3.061486851073842441e-01
2.850608469152428048e-01
2.805129064014433293e-01
3.032890866500922433e-01
3.511974144394870434e-01
4.184443952153485413e-01
4.948659400493126137e-01
5.767454815731070106e-01
6.434600889552138936e-01
6.968303338889043630e-01
7.374013470484711563e-01
7.576736949071940508e-01
7.592604545493065737e-01
7.391627185980841341e-01
6.901910233902458502e-01
6.202330202069336051e-01
5.306433420687912683e-01
4.197570040418565074e-01
3.152762690836330983e-01
2.223476330596587114e-01
1.492858613684212021e-01
3.821238241372014732e-01
3.778606966591792071e-01
3.612878628457772412e-01
3.361255625732830210e-01
3.061482880338725066e-01
2.850604490381644651e-01
2.805125099062703575e-01
3.032886927176639547e-01
3.511970249230815799e-01
4.184440141424261017e-01
4.948655727147757699e-01
5.767451330505458662e-01
6.434597532524832797e-01
6.968299993357628397e-01
7.374010051749108063e-01
7.576733471061951608e-01
7.592601070741362701e-01
7.391623806373860406e-01
6.901907079204401274e-01
6.202327367404876224e-01
5.306430995563810038e-01
4.197568122091577258e-01
3.152761250004224580e-01
2.223475314457283303e-01
1.492857931442248265e-01
3.821239037533798455e-01
3.778607758221967927e-01
3.612879392277766333e-01
3.361256344538874896e-01
3.061483543748798608e-01
2.850605114063485823e-01
2.805125713846823854e-01
3.032887584510458034e-01
3.511970996271954193e-01
4.184441013908064555e-01
4.948656741310259455e-01
5.767452495597793494e-01
6.434598821124879464e-01
6.968301382691457491e-01
7.374011519395802239e-01
7.576734978320788239e-01
7.592602580933307532e-01
7.391625276523656751e-01
6.901908451931269006e-01
6.202328600985896889e-01
5.306432050958145297e-01
4.197568956943920626e-01
3.152761877055240136e-01
2.223475756683044036e-01
1.492858228355893602e-01
3.821238885708420074e-01
3.778607589167310432e-01
3.612879200581245454e-01
3.361256130601098513e-01
3.061483311004880581e-01
2.850604871392873885e-01
2.805125470469256865e-01
3.032887353416982568e-01
3.511970790118789099e-01
4.184440844832389983e-01
4.948656618190387380e-01
5.767452425489058010e-01
6.434598791896722902e-01
6.968301377771157767e-01
7.374011525398708189e-01
7.576734987689180967e-01
7.592602591293302616e-01
7.391625286901466474e-01
6.901908461713724963e-01
6.202328609801905923e-01
5.306432058508717686e-01
4.197568962919354107e-01
3.152761881544134948e-01
2.223475759849115885e-01
1.492858230481761139e-01
3.821238547602279212e-01
3.778607209634632369e-01
3.612878765903498879e-01
3.361255641183650833e-01
3.061482774743486401e-01
2.850604310067204050e-01
2.805124907162989678e-01
3.032886820914132975e-01
3.511970320262877698e-01
4.184440467855220502e-01
4.948656355887224856e-01
5.767452295062287515e-01
6.434598763398341470e-01
6.968301410759766279e-01
7.374011587082740515e-01
7.576735058713427451e-01
7.592602664787909683e-01
7.391625359148223939e-01
6.901908529394160663e-01
6.202328670682194511e-01
5.306432110614236475e-01
4.197569004142983062e-01
3.152761912508779130e-01
2.223475781687535846e-01
1.492858245144581819e-01
3.821237479598285636e-01
3.778606086170345213e-01
3.612877584698181987e-01
3.361254415519404626e-01
3.061481523496919488e-01
2.850603052583645103e-01
2.805123653439694498e-01
3.032885579490940398e-01
3.511969101512976144e-01
4.184439288300337845e-01
4.948655234475085041e-01
5.767451249379792477e-01
6.434597771186503223e-01
6.968300431430488606e-01
7.374010590646564722e-01
7.576734046278787993e-01
7.592601653693701325e-01
7.391624375857652751e-01
6.901907611577765556e-01
6.202327845985380339e-01
5.306431405069373941e-01
4.197568446042421186e-01
3.152761493326545206e-01
2.223475486061577411e-01
1.492858046659615301e-01
3.821240699656768824e-01
3.778609249748554055e-01
3.612880576872835592e-01
3.361257160637212693e-01
3.061483982636708512e-01
2.850605314136778201e-01
2.805125873937650005e-01
3.032888015092306544e-01
3.511971988595368743e-01
4.184442811356786085e-01
4.948659484421532029e-01
5.767456282229255216e-01
6.434603439425373717e-01
6.968306598846881750e-01
7.374017129320749042e-01
7.576740768188290343e-01
7.592608390736441670e-01
7.391630934887130078e-01
6.901913736152490708e-01
6.202333349798345719e-01
5.306436113891699335e-01
4.197572170884581455e-01
3.152764291027808086e-01
2.223477459132229828e-01
1.492859371394142098e-01
3.821228632713744577e-01
3.778596971983870234e-01
3.612868288917908122e-01
3.361245078747941983e-01
3.061472286648311281e-01
2.850593949905856350e-01
2.805114607431826723e-01
3.032876418794075435e-01
3.511959682195577304e-01
4.184429546000531519e-01
4.948645199008672169e-01
5.767440972788033804e-01
6.434587253404007168e-01
6.968289558314824106e-01
7.373999301285719676e-01
7.576722508456887883e-01
7.592590110508279366e-01
7.391613143870653380e-01
6.901897125526202936e-01
6.202318423289255866e-01
5.306423343591022412e-01
4.197562069189459399e-01
3.152756703736476762e-01
2.223472108223356614e-01
1.492855778756577712e-01
3.821237255055424109e-01
3.778605869302134046e-01
3.612877385552806242e-01
3.361254239967075286e-01
3.061481373951202012e-01
2.850602920430306830e-01
2.805123524645585786e-01
3.032885431485080607e-01
3.511968913341824150e-01
4.184439043185347318e-01
4.948654923603835187e-01
5.767450867025204486e-01
6.434597331219734651e-01
6.968299947668836758e-01
7.374010075656879382e-01
7.576733516256879408e-01
7.592601122296258609e-01
7.391623858446595419e-01
6.901907128421517212e-01
6.202327411795159895e-01
5.306431033593659308e-01
4.197568152191715751e-01
3.152761272617315425e-01
2.223475330406982087e-01
1.492857942151918360e-01
3.821240989601504268e-01
3.778609867138987277e-01
3.612881692421463509e-01
3.361258820463929320e-01
3.061486156490646482e-01
2.850607791874372743e-01
2.805128392155417094e-01
3.032890177789634989e-01
3.511973419178761047e-01
4.184443178132019048e-01
4.948658575501514445e-01
5.767453940567981441e-01
6.434599970789505186e-01
6.968302375370634127e-01
7.374012464055645921e-01
7.576735918739675446e-01
7.592603514146504251e-01
7.391626182277750701e-01
6.901909296806112426e-01
6.202329359986938906e-01
5.306432700249674728e-01
4.197569470530460589e-01
3.152762262798675663e-01
2.223476028724672149e-01
1.492858411005322516e-01
3.821245271221672679e-01
3.778614474992634809e-01
3.612886692221238816e-01
3.361264175499646401e-01
3.061491782729723332e-01
2.850613543619200940e-01
2.805134142627674909e-01
3.032895761823382608e-01
3.511978670878070363e-01
4.184447922439142875e-01
4.948662667697083517e-01
5.767457259504198408e-01
6.434602705383809518e-01
6.968304808439168552e-01
7.374014817232067420e-01
7.576738273354067799e-01
7.592605854481557781e-01
7.391628454891721045e-01
6.901911417030373030e-01
6.202331264808325084e-01
5.306434329770772784e-01
4.197570759484466341e-01
3.152763230906491243e-01
2.223476711473994782e-01
1.492858869405485622e-01
3.821238495216698339e-01
3.778607198878858320e-01
3.612878820813941738e-01
3.361255769471401256e-01
3.061482973767257754e-01
2.850604551687259125e-01
2.805125154859417491e-01
3.032887019214446922e-01
3.511970416610422085e-01
4.184440416606290958e-01
4.948656128619728367e-01
5.767451871020763399e-01
6.434598184042994440e-01
6.968300725367563286e-01
7.374010837470994506e-01
7.576734281551658068e-01
7.592601883890278680e-01
7.391624598287601655e-01
6.901907818742781808e-01
6.202328032008233016e-01
5.306431564176318227e-01
4.197568571886132194e-01
3.152761587842252133e-01
2.223475552716817627e-01
1.492858091411620736e-01
3.821238891670134530e-01
3.778607477965738592e-01
3.612878908266114464e-01
3.361255638399066603e-01
3.061482628259195038e-01
2.850604075044340657e-01
2.805124658493418632e-01
3.032886673808997124e-01
3.511970383378434368e-01
4.184440833913201097e-01
4.948657080731627134e-01
5.767453418653712971e-01
6.434600203098972404e-01
6.968303071441429575e-01
7.374013387044090484e-01
7.576736920318728474e-01
7.592604533984923521e-01
7.391627179976946183e-01
6.901910229937980867e-01
6.202330198953691642e-01
5.306433418164633320e-01
4.197570038470154197e-01
3.152762689387001993e-01
2.223476329579658350e-01
1.492858613003988644e-01
3.821249039895048827e-01
3.778617970707112139e-01
3.612889667842285601e-01
3.361266509557524484e-01
3.061493446309994093e-01
2.850614775846653792e-01
2.805135299324330034e-01
3.032897403476566001e-01
3.511981321643510290e-01
4.184452014911762552e-01
4.948668445182368147e-01
5.767464888388468269e-01
6.434611814551830511e-01
6.968314999351108430e-01
7.374025738270715280e-01
7.576749533684074001e-01
7.592617150254410419e-01
7.391639455227576594e-01
6.901921689686922878e-01
6.202340496531183467e-01
5.306442228113192883e-01
4.197577007375651315e-01
3.152767923659350324e-01
2.223480021027292031e-01
1.492861091466033685e-01
3.821242660612170772e-01
3.778611360116676532e-01
3.612882866749562716e-01
3.361259613209478525e-01
3.061486559418126752e-01
2.850607948398872216e-01
2.805128507616890254e-01
3.032890572543951446e-01
3.511974393840335829e-01
4.184444984219908292e-01
4.948661358622359896e-01
5.767457802282940360e-01
6.434604691854755032e-01
6.968307713179777707e-01
7.374018207063816055e-01
7.576741846590051566e-01
7.592609462598368664e-01
7.391631975733145010e-01
6.901914707204772625e-01
6.202334222197171121e-01
5.306436860204346573e-01
4.197572761219175996e-01
3.152764734416426129e-01
2.223477771828061555e-01
1.492859581339162356e-01
3.821237308134540211e-01
3.778605956882711836e-01
3.612877525033152959e-01
3.361254435740231861e-01
3.061481622525679125e-01
2.850603200023478223e-01
2.805123808269224805e-01
3.032885678708611699e-01
3.511969085666292179e-01
4.184439106538530018e-01
4.948654856034720440e-01
5.767450652185842630e-01
6.434597000674435741e-01
6.968299540131488445e-01
7.374009623603011709e-01
7.576733045839950664e-01
7.592600649091578724e-01
7.391623397226101400e-01
6.901906697587233408e-01
6.202327024583829118e-01
5.306430702298319257e-01
4.197567890120830758e-01
3.152761075776412958e-01
2.223475191584989852e-01
1.492857848945530475e-01
3.821237619994398149e-01
3.778606323611529150e-01
3.612877968354808456e-01
3.361254957932466869e-01
3.061482214965803306e-01
2.850603831696606472e-01
2.805124443982257021e-01
3.032886267229240040e-01
3.511969577691125277e-01
4.184439456734061480e-01
4.948655033272950643e-01
5.767450632479836914e-01
6.434596827630278959e-01
6.968299270307807269e-01
7.374009303505266733e-01
7.576732707073795536e-01
7.592600306618915162e-01
7.391623062918233344e-01
6.901906385143929956e-01
6.202326743732474723e-01
5.306430461989944947e-01
4.197567700020458648e-01
3.152760932991036658e-01
2.223475090885134731e-01
1.492857781334454015e-01
3.821238564533125381e-01
3.778607227700886417e-01
3.612878785280821958e-01
3.361255661702266528e-01
3.061482796083541125e-01
2.850604331753976428e-01
2.805124928824188069e-01
3.032886842091496171e-01
3.511970340485406350e-01
4.184440486592634900e-01
4.948656372669589798e-01
5.767452309485915363e-01
6.434598776061916103e-01
6.968301422602897199e-01
7.374011598830918501e-01
7.576735070560604024e-01
7.592602676591875266e-01
7.391625370619298030e-01
6.901908540098788958e-01
6.202328680300043251e-01
5.306432118842272505e-01
4.197569010651453492e-01
3.152761917397186031e-01
2.223475785135049787e-01
1.492858247459258048e-01
3.821239801996097474e-01
3.778608478289213202e-01
3.612880023794669548e-01
3.361256864612505169e-01
3.061483945631321424e-01
2.850605439063033097e-01
2.805126024983071731e-01
3.032887981646916753e-01
3.511971572601618741e-01
4.184441845687010275e-01
4.948657870629619704e-01
5.767453950859412481e-01
6.434600537578115675e-01
6.968303292179265362e-01
7.374013561304827435e-01
7.576737082431255210e-01
7.592604691292587082e-01
7.391627331574952553e-01
6.901910371004162936e-01
6.202330325588477633e-01
5.306433526465325068e-01
4.197570124125551416e-01
3.152762753717920918e-01
2.223476374947296608e-01
1.492858643463401691e-01
3.821247137983699305e-01
3.778615998737236970e-01
3.612887637382328210e-01
3.361264448829710538e-01
3.061491386621094657e-01
2.850612732819364226e-01
2.805133266806913439e-01
3.032895360501094983e-01
3.511979252335974966e-01
4.184449918626740872e-01
4.948666336664363508e-01
5.767462784964059175e-01
6.434609704123845919e-01
6.968312842823040087e-01
7.374023510255455216e-01
7.576747259854730299e-01
7.592614876351521103e-01
7.391637242923937423e-01
6.901919624399641684e-01
6.202338640703242145e-01
5.306440640389236130e-01
4.197575751444676539e-01
3.152766980343041925e-01
2.223479355757735365e-01
1.492860644799775538e-01
