0.000000000000000000e+00
1.032266621800730644e-01
7.579519430354930698e-02
1.806644729588285370e-01
4.554199422797706731e-01
7.367161541174983563e-01
7.659134961908894423e-01
3.696360713474581838e-01
-2.178530782850218728e-01
-5.691554996245158371e-01
-5.625947660896335467e-01
-3.467797244904696208e-01
-1.423248824764658249e-01
-3.721556617908119285e-02
1.032272237386100688e-01
7.579576386285480361e-02
1.806649343706605571e-01
4.554203071540490755e-01
7.367165925368739376e-01
7.659142791069939449e-01
3.696374300603020857e-01
-2.178511318578826295e-01
-5.691532687275892011e-01
-5.625928350220080754e-01
-3.467785584202590088e-01
-1.423244054888830323e-01
-3.721544153606951705e-02
1.032269985547950297e-01
7.579553547074807662e-02
1.806647493454676401e-01
4.554201608402160817e-01
7.367164167316085921e-01
7.659139651592509201e-01
3.696368852192541965e-01
-2.178519123711506467e-01
-5.691541633126552258e-01
-5.625936093761427781e-01
-3.467790260120082735e-01
-1.423245967599198747e-01
-3.721549151766010560e-02
1.032272055991729776e-01
7.579574546497724885e-02
1.806649194661575641e-01
4.554202953678975208e-01
7.367165783750722063e-01
7.659142538172752923e-01
3.696373861712245468e-01
-2.178511947312793406e-01
-5.691533407899154184e-01
-5.625928973992624371e-01
-3.467785960866033301e-01
-1.423244208965132040e-01
-3.721544556228213729e-02
1.032258598301141750e-01
7.579438052216189159e-02
1.806638136976116693e-01
4.554194209505716961e-01
7.367155277077035436e-01
7.659123775671612400e-01
3.696341300303511157e-01
-2.178558593232081675e-01
-5.691586871106628642e-01
-5.625975251822799006e-01
-3.467813905614559045e-01
-1.423255639921801041e-01
-3.721574426793337886e-02
1.032267861072029003e-01
7.579531999632280193e-02
1.806645747851569617e-01
4.554200228017805663e-01
7.367162508697535639e-01
7.659136689681501631e-01
3.696363711939957830e-01
-2.178526487391903022e-01
-5.691550073006799160e-01
-5.625943399334049078e-01
-3.467794671571288734e-01
-1.423247772128143906e-01
-3.721553867233047541e-02
1.032267900992630272e-01
7.579532404525954337e-02
1.806645780652847699e-01
4.554200253956331435e-01
7.367162539864304804e-01
7.659136745338177565e-01
3.696363808529414263e-01
-2.178526349022459341e-01
-5.691549914414699707e-01
-5.625943262056497529e-01
-3.467794588676592626e-01
-1.423247738219602099e-01
-3.721553778625651121e-02
1.032267510103296870e-01
7.579528439940919071e-02
1.806645459473573412e-01
4.554199999974860025e-01
7.367162234689605960e-01
7.659136200366399860e-01
3.696362862757383572e-01
-2.178527703890308365e-01
-5.691551467296109834e-01
-5.625944606232905487e-01
-3.467795400354053426e-01
-1.423248070240835939e-01
-3.721554646239987746e-02
1.032265348363537727e-01
7.579506514550871099e-02
1.806643683252152355e-01
4.554198595378219361e-01
7.367160546978471780e-01
7.659133186502733448e-01
3.696357632343486577e-01
-2.178535196731495871e-01
-5.691560055213962244e-01
-5.625952039947093031e-01
-3.467799889183214024e-01
-1.423249906421669153e-01
-3.721559444417493756e-02
1.032268016189628324e-01
7.579533572908553340e-02
1.806645875305950555e-01
4.554200328805912967e-01
7.367162629800780849e-01
7.659136905944026186e-01
3.696364087253056763e-01
-2.178525949736278555e-01
-5.691549456772955207e-01
-5.625942865921136349e-01
-3.467794349471275406e-01
-1.423247640371320955e-01
-3.721553522935463348e-02
1.032281960551648670e-01
7.579675003242608566e-02
1.806657332871283994e-01
4.554209389195337798e-01
7.367173516428062729e-01
7.659156346954844041e-01
3.696397826182356572e-01
-2.178477616957257279e-01
-5.691494060171663483e-01
-5.625894914542460823e-01
-3.467765394154799785e-01
-1.423235796036143863e-01
-3.721522572158944553e-02
1.032279448585531889e-01
7.579649525690709821e-02
1.806655268881848242e-01
4.554207757038111204e-01
7.367171555288584139e-01
7.659152844811083494e-01
3.696391748382088505e-01
-2.178486323723695106e-01
-5.691504039429605699e-01
-5.625903552602654623e-01
-3.467770610225193173e-01
-1.423237929699096571e-01
-3.721528147695623429e-02
1.032267983256023314e-01
7.579533238880306611e-02
1.806645848245627961e-01
4.554200307407207937e-01
7.367162604088891564e-01
7.659136860028510352e-01
3.696364007568910814e-01
-2.178526063887981090e-01
-5.691549587607896976e-01
-5.625942979172052771e-01
-3.467794417857549827e-01
-1.423247668345111183e-01
-3.721553596034588018e-02
1.032269273235714990e-01
7.579546322466237940e-02
1.806646908174119326e-01
4.554201145575231813e-01
7.367163611200445716e-01
7.659138658497963714e-01
3.696367128725228657e-01
-2.178521592668480888e-01
-5.691544462920904435e-01
-5.625938543235535771e-01
-3.467791739228712200e-01
-1.423246572636908958e-01
-3.721550732807636652e-02
1.032269520292388720e-01
7.579548828232213209e-02
1.806647111171429398e-01
4.554201306101017810e-01
7.367163804082266232e-01
7.659139002940502650e-01
3.696367726488513639e-01
-2.178520736341342801e-01
-5.691543481441793118e-01
-5.625937693665788997e-01
-3.467791226218209233e-01
-1.423246362787075059e-01
-3.721550184442936476e-02
1.032284280317480873e-01
7.579698531408049500e-02
1.806659238936871026e-01
4.554210896469875203e-01
7.367175327513142413e-01
7.659159581135983608e-01
3.696403438946517794e-01
-2.178469576379338246e-01
-5.691484844465508619e-01
-5.625886937413805411e-01
-3.467760577186212445e-01
-1.423233825628031357e-01
-3.721517423228233590e-02
1.032268385500822450e-01
7.579537318637863397e-02
1.806646178755267618e-01
4.554200568766926249e-01
7.367162918129017690e-01
7.659137420831899634e-01
3.696364980815934898e-01
-2.178524669660768520e-01
-5.691547989614763603e-01
-5.625941595946871709e-01
-3.467793582600587343e-01
-1.423247326678549751e-01
-3.721552703215764979e-02
1.032273683829969257e-01
7.579591056805307092e-02
1.806650532195910597e-01
4.554204011371564276e-01
7.367167054634836676e-01
7.659144807679294509e-01
3.696377800330533647e-01
-2.178506305036308488e-01
-5.691526941005524698e-01
-5.625923376240090645e-01
-3.467782580677586934e-01
-1.423242826280022855e-01
-3.721540943093566006e-02
1.032267396405485149e-01
7.579527286763781957e-02
1.806645366052296586e-01
4.554199926099379292e-01
7.367162145923572547e-01
7.659136041850693744e-01
3.696362587661081167e-01
-2.178528097980134692e-01
-5.691551918982055147e-01
-5.625944997212916077e-01
-3.467795636446325824e-01
-1.423248166815708760e-01
-3.721554898602594946e-02
1.032268433399592955e-01
7.579537804449915095e-02
1.806646218111911950e-01
4.554200599889290380e-01
7.367162955524494405e-01
7.659137487611614725e-01
3.696365096708884024e-01
-2.178524503638064047e-01
-5.691547799327886237e-01
-5.625941431234273704e-01
-3.467793483139309796e-01
-1.423247285993354261e-01
-3.721552596900098292e-02
