0.000000000000000000e+00
4.937577514904876175e-01
4.734286307868191268e-01
4.108019938454918196e-01
3.805280600813433778e-01
4.629186713553205546e-01
6.293704696216948502e-01
8.004318593280984606e-01
9.118810014644469497e-01
9.383399765994139274e-01
8.529298261984556984e-01
6.557586702973524639e-01
3.896118675807470066e-01
1.844843215091118704e-01
4.937579024229706848e-01
4.734287755050713420e-01
4.108021194199557580e-01
3.805281764016336110e-01
4.629188128608752728e-01
6.293706620084421610e-01
8.004321040051038949e-01
9.118812802093646530e-01
9.383402634323440017e-01
8.529300869231049020e-01
6.557588707504776737e-01
3.896119866777868479e-01
1.844843779025085173e-01
4.937575305826771288e-01
4.734284189742816729e-01
4.108018100521867999e-01
3.805278898326326931e-01
4.629184642449515330e-01
6.293701880405915272e-01
8.004315012139241459e-01
9.118805934877927122e-01
9.383395567849824870e-01
8.529294445966280058e-01
6.557583769101364979e-01
3.896116932679299372e-01
1.844842389706050356e-01
4.937577778291464270e-01
4.734286560410559397e-01
4.108020157590182575e-01
3.805280803799588329e-01
4.629186960489216074e-01
6.293705031943811479e-01
8.004319020257606443e-01
9.118810501071721308e-01
9.383400266535475431e-01
8.529298716965316718e-01
6.557587052776719938e-01
3.896118883639225761e-01
1.844843313501109971e-01
4.937580283433229411e-01
4.734288962409985979e-01
4.108022241845526445e-01
3.805282734456339466e-01
4.629189309165047672e-01
6.293708225133679557e-01
8.004323081348849733e-01
9.118815127614139371e-01
9.383405027320816938e-01
8.529303044411568058e-01
6.557590379850427587e-01
3.896120860383811002e-01
1.844844249505410427e-01
4.937576048716749710e-01
4.734284902046338450e-01
4.108018718599626973e-01
3.805279470855024160e-01
4.629185338940133843e-01
6.293702827333864658e-01
8.004316216439943954e-01
9.118807306860960971e-01
9.383396979642071312e-01
8.529295729253516534e-01
6.557584755732042137e-01
3.896117518875163999e-01
1.844842667274459724e-01
4.937584839508086798e-01
4.734293330900961605e-01
4.108026032458696464e-01
3.805286245721370975e-01
4.629193580676964626e-01
6.293714032554350579e-01
8.004330467212582567e-01
9.118823541857948856e-01
9.383413685710810803e-01
8.529310914692337375e-01
6.557596430764223161e-01
3.896124455468300551e-01
1.844845951806541595e-01
4.937567801299844739e-01
4.734276994194196453e-01
4.108011856823182151e-01
3.805273114755204356e-01
4.629177606639701126e-01
6.293692314727965531e-01
8.004302846532883597e-01
9.118792075377983863e-01
9.383381306205123007e-01
8.529281482453652252e-01
6.557573802354345061e-01
3.896111011045173544e-01
1.844839585765142009e-01
4.937590197756420163e-01
4.734298468538120641e-01
4.108030490472959761e-01
3.805290375203566611e-01
4.629198604260273964e-01
6.293720862468937804e-01
8.004339153481634384e-01
9.118833437570657008e-01
9.383423868555739178e-01
8.529320170668178713e-01
6.557603547042988312e-01
3.896128683527776970e-01
1.844847953826368459e-01
4.937584648363296247e-01
4.734293147626033038e-01
4.108025873427955110e-01
3.805286098410354256e-01
4.629193401470679259e-01
6.293713788910809681e-01
8.004330157347309127e-01
9.118823188848192984e-01
9.383413322458187267e-01
8.529310584503914106e-01
6.557596176905212682e-01
3.896124304640736780e-01
1.844845880388489012e-01
4.937579692258948216e-01
4.734288395575683706e-01
4.108021749993858718e-01
3.805282278851537803e-01
4.629188754914280168e-01
6.293707471590804792e-01
8.004322122994823596e-01
9.118814035822477848e-01
9.383403903849925065e-01
8.529302023201924543e-01
6.557589594713060244e-01
3.896120393903001466e-01
1.844844028623032761e-01
4.937576235552185722e-01
4.734285081189338329e-01
4.108018874045024083e-01
3.805279614844918057e-01
4.629185514106218258e-01
6.293703065484467229e-01
8.004316519319311096e-01
9.118807651912119727e-01
9.383397334705172455e-01
8.529296051997850014e-01
6.557585003867807405e-01
3.896117666302323923e-01
1.844842737082394157e-01
4.937579513515191199e-01
4.734288224191210426e-01
4.108021601280665847e-01
3.805282141097720006e-01
4.629188587334485683e-01
6.293707243754296243e-01
8.004321833232895811e-01
9.118813705715181905e-01
9.383403564164295441e-01
8.529301714435366666e-01
6.557589357323838630e-01
3.896120252860781896e-01
1.844843961838418811e-01
4.937578936768893811e-01
4.734287671190859359e-01
4.108021121432950951e-01
3.805281696612243247e-01
4.629188046610560048e-01
6.293706508602114891e-01
8.004320898268107998e-01
9.118812640569390338e-01
9.383402468112425066e-01
8.529300718148994376e-01
6.557588591348249007e-01
3.896119797764732717e-01
1.844843746346815916e-01
4.937548836982617040e-01
4.734258810680698204e-01
4.107996078682372154e-01
3.805258499379903792e-01
4.629159826794204124e-01
6.293668141778369085e-01
8.004272103433349717e-01
9.118757051724110108e-01
9.383345266311207133e-01
8.529248723004816402e-01
6.557548615883022070e-01
3.896096046777716149e-01
1.844832500065350933e-01
4.937569643326326085e-01
4.734278760380291051e-01
4.108013389372593416e-01
3.805274534363830563e-01
4.629179333617046699e-01
6.293694662675046736e-01
8.004305832646370078e-01
9.118795477266757876e-01
9.383384806802490541e-01
8.529284664417522421e-01
6.557576248745986547e-01
3.896112464542106357e-01
1.844840274007513159e-01
4.937576175402109135e-01
4.734285023515776292e-01
4.108018824000703173e-01
3.805279568488598718e-01
4.629185457712989837e-01
6.293702988813909549e-01
8.004316421809879456e-01
9.118807540825839553e-01
9.383397220395632843e-01
8.529295948093061908e-01
6.557584923982612279e-01
3.896117618839405883e-01
1.844842714608324608e-01
4.937577134861272365e-01
4.734285943471840397e-01
4.108019622262069070e-01
3.805280307922324634e-01
4.629186357246333205e-01
6.293704211792712222e-01
8.004317977191398592e-01
9.118809312772871989e-01
9.383399043757161273e-01
8.529297605487471401e-01
6.557586198238384290e-01
3.896118375924586541e-01
1.844843073094185604e-01
4.937576206227156650e-01
4.734285053071686233e-01
4.108018849646863924e-01
3.805279592244773523e-01
4.629185486612769074e-01
6.293703028105190889e-01
8.004316471780437148e-01
9.118807597754110539e-01
9.383397278975723621e-01
8.529296001341040157e-01
6.557584964921294723e-01
3.896117643162678168e-01
1.844842726125587584e-01
4.937576283732633131e-01
4.734285127386087533e-01
4.108018914130721067e-01
3.805279651976511412e-01
4.629185559277414486e-01
6.293703126897883804e-01
8.004316597424747659e-01
9.118807740892665992e-01
9.383397426267562347e-01
8.529296135225991060e-01
6.557585067856160910e-01
3.896117704320307129e-01
1.844842755084211694e-01
