0.000000000000000000e+00
2.724134533902625166e-01
4.084074733196971230e-01
7.628099223179991561e-01
1.064722740055948691e+00
9.441442054451919530e-01
4.454291300870228398e-01
-3.260792154238228990e-02
-3.526710447616307476e-01
-4.983141100878688001e-01
-4.504346514197662965e-01
-2.738965707565237939e-01
-1.121662710961052051e-01
-2.931702380250340162e-02
2.724132660495635072e-01
4.084072579272112757e-01
7.628098344065727954e-01
1.064722909908448090e+00
9.441445660907694659e-01
4.454293611037308809e-01
-3.260826687157554471e-02
-3.526721266647390163e-01
-4.983156017893822232e-01
-4.504359977611043231e-01
-2.738973893052158437e-01
-1.121666063006646202e-01
-2.931711141488713840e-02
2.630900274369329592e-02
2.821024768708493488e-02
2.900667579364335155e-02
3.051849363097237922e-02
3.342886347188229329e-02
4.089802951182652108e-02
5.549259383085904107e-02
7.153334051148989292e-02
7.905172450131087158e-02
6.780372451583797921e-02
4.088047799720324893e-02
1.671819675300902780e-02
4.368465591144190217e-03
2.724220860001860256e-01
4.084175392974132013e-01
7.628247106408073686e-01
1.064743556647682388e+00
9.441671700892053654e-01
4.454488104138543125e-01
-3.259424121085572473e-02
-3.526634313452561287e-01
-4.983100546362422278e-01
-4.504321448998316324e-01
-2.738951582233351556e-01
-1.121657000556751105e-01
-2.931687492911373011e-02
2.724287049338212641e-01
4.084433289698713998e-01
7.628768422552217876e-01
1.064791194392483042e+00
9.441590907396389953e-01
4.453748344176745588e-01
-3.267352694921444450e-02
-3.527025918107977165e-01
-4.983189998510003105e-01
-4.504318511920781809e-01
-2.738941669896767239e-01
-1.121652400719370668e-01
-2.931675193416626718e-02
2.596450444761150278e-01
3.898310176782083247e-01
7.426007664487513926e-01
1.054691246070940114e+00
9.535577900286894559e-01
4.642327860250288762e-01
-3.599140582582868730e-02
-3.949070239194487075e-01
-5.637698713266453554e-01
-5.108687090141463827e-01
-3.107712830878456289e-01
-1.272756482707283754e-01
-3.326661012378781535e-02
-3.072816161616161862e-02
-2.965395959595959821e-02
-4.010309090909090768e-02
-6.710072727272727022e-02
-9.588750505050504247e-02
-1.046757373737373653e-01
-7.917121919191918988e-02
-3.683028969696969940e-02
-9.845771646464647128e-03
-1.452243769696969769e-03
-1.635768110101010024e-04
-1.914056838383838426e-05
-2.552138202020201707e-06
8.387300408458545076e-02
1.917795086918332448e-01
4.981995290451572411e-01
7.550084135063890312e-01
6.331533830933193663e-01
1.518953614979033917e-01
-3.548991946181710988e-01
-7.324407088494793161e-01
-9.058467952543887147e-01
-7.974219063513676709e-01
-4.828460239606837678e-01
-1.975995369757883591e-01
-5.163985523924115306e-02
3.048407741374041247e-01
4.547949643184677204e-01
8.388805315065769319e-01
1.161116507524579289e+00
1.022654598598636833e+00
4.805489690399319946e-01
-2.399296541989808657e-02
-3.500972008164690563e-01
-4.960032846092759518e-01
-4.484291420268445294e-01
-2.726826751120579040e-01
-1.116695193083453441e-01
-2.918720585610211360e-02
3.048407982953837969e-01
4.547949851445027836e-01
8.388805256868429039e-01
1.161116469435512277e+00
1.022654556359104960e+00
4.805489691239159811e-01
-2.399288615076147074e-02
-3.500970380909193547e-01
-4.960030785058808234e-01
-4.484289593921862438e-01
-2.726825644024714612e-01
-1.116694739934328273e-01
-2.918719401326754295e-02
2.760915679294266289e-01
3.754283887574250134e-01
6.766488887413552034e-01
9.855439627751318987e-01
9.750665443608291794e-01
6.126655904011576448e-01
1.595836411382129671e-01
-2.231106134906551963e-01
-4.200428434967917735e-01
-3.983806829090617008e-01
-2.440535366235946080e-01
-1.000652832738504472e-01
-2.616033902209008097e-02
2.724135078152150613e-01
4.084081349843202147e-01
7.628112753824244363e-01
1.064723673270954407e+00
9.441431544856848657e-01
4.454260365953296996e-01
-3.261079367445307575e-02
-3.526721225164425322e-01
-4.983139227026260332e-01
-4.504341726726004969e-01
-2.738962496347088771e-01
-1.121661375940190691e-01
-2.931698880667762269e-02
2.694362736557583959e-01
4.037710148022891632e-01
7.540989361600680674e-01
1.052827449426160689e+00
9.341336265383279880e-01
4.414620772676596250e-01
-3.139446063834764461e-02
-3.484511794178627442e-01
-4.928532653239131589e-01
-4.455890043906948761e-01
-2.709588449701453849e-01
-1.109637957261082469e-01
-2.900276136389904821e-02
2.724017504542557977e-01
4.083822134669795600e-01
7.627634150916898781e-01
1.064673498302971311e+00
9.441286501582620838e-01
4.454589622624527401e-01
-3.256873799181821821e-02
-3.526514682100384546e-01
-4.983103500350502535e-01
-4.504356106882124178e-01
-2.738975773471804542e-01
-1.121667114731761811e-01
-2.931714034651333040e-02
2.724126863856591307e-01
4.084079418582158838e-01
7.628120407805247805e-01
1.064724249560749403e+00
9.441415869198919175e-01
4.454217242219973838e-01
-3.261595988018924780e-02
-3.526765458500868977e-01
-4.983175860250059763e-01
-4.504370302691358408e-01
-2.738979434688924020e-01
-1.121668283419943873e-01
-2.931716919910644717e-02
3.048402431496426979e-01
4.547942280272164739e-01
8.388788106307794035e-01
1.161113531482103056e+00
1.022651264672189031e+00
4.805467078847278084e-01
-2.399314452337591996e-02
-3.500951789968096417e-01
-4.960000662502487279e-01
-4.484261619543783439e-01
-2.726808560449942576e-01
-1.116687738991332390e-01
-2.918701100390321337e-02
3.048408519735515965e-01
4.547950499367354182e-01
8.388806309738644496e-01
1.161116625525437041e+00
1.022654727957677201e+00
4.805491055460117122e-01
-2.399281325140790663e-02
-3.500970298540088121e-01
-4.960031065982569709e-01
-4.484289917780694967e-01
-2.726825847706389472e-01
-1.116694823795184865e-01
-2.918719620744795670e-02
2.724142603951290598e-01
4.084079153186231381e-01
7.628097678369542001e-01
1.064722692500151835e+00
9.441454939981264172e-01
4.454322069544849882e-01
-3.260410335781854102e-02
-3.526674399863944931e-01
-4.983108532160674398e-01
-4.504320269387452891e-01
-2.738950056700488189e-01
-1.121656322081112656e-01
-2.931685692048021860e-02
-3.955106290806583466e-04
4.577549410806233676e-02
1.843142573849671229e-01
2.998125387919383655e-01
2.410514016015369854e-01
1.123584165407626179e-02
-2.421796296183374997e-01
-4.396021973420528584e-01
-5.307801083722049063e-01
-4.648186319394658761e-01
-2.812135869052070913e-01
-1.150677347937072714e-01
-3.007051659164216781e-02
1.395293838989254964e-01
1.193302309564740482e-01
1.721557826998983687e-01
3.449885861075293048e-01
5.512649509577264295e-01
6.241772031711450008e-01
4.319845914631386674e-01
1.063208955120832910e-01
-9.781823704627562455e-02
-1.327855395740125122e-01
-8.503874004919309559e-02
-3.511081078027485786e-02
-9.191584858294989807e-03
