0.000000000000000000e+00
4.028343980171279481e-01
3.862487969280125055e-01
3.351545841972927708e-01
3.104554643421058580e-01
3.776742010497871060e-01
5.134746208935151435e-01
6.530357958590486955e-01
7.439620607055180690e-01
7.655487300559635777e-01
6.958664892861491369e-01
5.350035485950956904e-01
3.178665279956477963e-01
1.505123319570874640e-01
1.226748744483642239e-01
7.053671390271133712e-02
-6.589431764701496330e-03
-3.447095541902139154e-02
4.986697674798479252e-02
2.282464747057441623e-01
4.203039605936115808e-01
5.189486618379604010e-01
5.382768308015134506e-01
4.896545734121116600e-01
3.764916262219230592e-01
2.236912598141131414e-01
1.059199398519661689e-01
4.028339079480028340e-01
3.862483270361390386e-01
3.351541764642028132e-01
3.104550866567876710e-01
3.776737415893582361e-01
5.134739962247691913e-01
6.530350014068303510e-01
7.439611556367404788e-01
7.655477987258729744e-01
6.958656427281508794e-01
5.350028977352826454e-01
3.178661412943828424e-01
1.505121488509594818e-01
4.028343557614142978e-01
3.862487564120619110e-01
3.351545490409202910e-01
3.104554317765720328e-01
3.776741614332772556e-01
5.134745670320854938e-01
6.530357273582113597e-01
7.439619826668799618e-01
7.655486497529703227e-01
6.958664162925436436e-01
5.350034924753679366e-01
3.178664946527230972e-01
1.505123161689471412e-01
4.028347252183991367e-01
3.862491106576690925e-01
3.351548564257978979e-01
3.104557165088102644e-01
3.776745078147488166e-01
5.134750379620413030e-01
6.530363262858036588e-01
7.439626649869131025e-01
7.655493518710787537e-01
6.958670545020317899e-01
5.350039831504416199e-01
3.178667861819708396e-01
1.505124542103671859e-01
4.028348249711910523e-01
3.862492063034135281e-01
3.351549394192206988e-01
3.104557933860568886e-01
3.776746013371892752e-01
5.134751651123722338e-01
6.530364879952907931e-01
7.439628492122251080e-01
7.655495414418392874e-01
6.958672268175676301e-01
5.350041156319227387e-01
3.178668648943990260e-01
1.505124914813286696e-01
4.028344182374422600e-01
3.862488163158108723e-01
3.351546010204118353e-01
3.104554799254500286e-01
3.776742200071827593e-01
5.134746466674268150e-01
6.530358286382481614e-01
7.439620980487707813e-01
7.655487684827613215e-01
6.958665242152396457e-01
5.350035754496542673e-01
3.178665439509910651e-01
1.505123395120695484e-01
4.028344216931849520e-01
3.862488196292728215e-01
3.351546038955585671e-01
3.104554825887136382e-01
3.776742232470869376e-01
5.134746510723042778e-01
6.530358342403607130e-01
7.439621044309006059e-01
7.655487750500739041e-01
6.958665301847782869e-01
5.350035800392191065e-01
3.178665466778309856e-01
1.505123408032499610e-01
4.028338110618946977e-01
3.862482341390505725e-01
3.351540958558350547e-01
3.104550119888301873e-01
3.776736507545544463e-01
5.134738727284692272e-01
6.530348443445311846e-01
7.439609767056734047e-01
7.655476146029742690e-01
6.958654753645983071e-01
5.350027690610384967e-01
3.178660648439829428e-01
1.505121126510864105e-01
4.028344050213731875e-01
3.862488036438771477e-01
3.351545900247616117e-01
3.104554697401210595e-01
3.776742076165617856e-01
5.134746298215068228e-01
6.530358072136472902e-01
7.439620736410884616e-01
7.655487433668701769e-01
6.958665013854622439e-01
5.350035578974196016e-01
3.178665335225221433e-01
1.505123345741064822e-01
4.028344059059554838e-01
3.862488044920392438e-01
3.351545907607261232e-01
3.104554704218489003e-01
3.776742084458949433e-01
5.134746309490435534e-01
6.530358086476457657e-01
7.439620752747515553e-01
7.655487450479352418e-01
6.958665029135124858e-01
5.350035590722316270e-01
3.178665342205239108e-01
1.505123349046158521e-01
4.028343409008132148e-01
3.862487421633052920e-01
3.351545366770342649e-01
3.104554203238390486e-01
3.776741475008383309e-01
5.134745480899556291e-01
6.530357032676556983e-01
7.439619552220454457e-01
7.655486215118013638e-01
6.958663906219595408e-01
5.350034727390337030e-01
3.178664829265951952e-01
1.505123106165321967e-01
4.028343085186316674e-01
3.862487111143712570e-01
3.351545097353514913e-01
3.104553953676157385e-01
3.776741171411804321e-01
5.134745068138668600e-01
6.530356507728246607e-01
7.439618954180301502e-01
7.655485599725235790e-01
6.958663346841471586e-01
5.350034297323239540e-01
3.178664573746273203e-01
1.505122985174719707e-01
4.028343878404361811e-01
3.862487871703181308e-01
3.351545757303770467e-01
3.104554564991570675e-01
3.776741915087103441e-01
5.134746079217505921e-01
6.530357793615896300e-01
7.439620419110144489e-01
7.655487107161219607e-01
6.958664717066703753e-01
5.350035350794519751e-01
3.178665199654753803e-01
1.505123281547368908e-01
4.028343336636398542e-01
3.862487352241027461e-01
3.351545306557713877e-01
3.104554147463113312e-01
3.776741407156837815e-01
5.134745388650610032e-01
6.530356915354569303e-01
7.439619418562990472e-01
7.655486077582368543e-01
6.958663781202802934e-01
5.350034631273584695e-01
3.178664772159230933e-01
1.505123079124834895e-01
4.028343953256126597e-01
3.862487943473129626e-01
3.351545819579763164e-01
3.104554622678151743e-01
3.776741985263782353e-01
5.134746174627633497e-01
6.530357914958269117e-01
7.439620557347775831e-01
7.655487249409929085e-01
6.958664846367563772e-01
5.350035450204996268e-01
3.178665258718404996e-01
1.505123309514478092e-01
3.948049818403756017e-01
3.773618660429566285e-01
3.257326392506171286e-01
3.010121100979879505e-01
3.685025306401597534e-01
5.050535199984068635e-01
6.456065286070512554e-01
7.365107535848890441e-01
7.579889686949320415e-01
6.890042512020728704e-01
5.297284094359390183e-01
3.147324337923405047e-01
1.490283221585069484e-01
4.028344233756362969e-01
3.862488212424538547e-01
3.351546052953429111e-01
3.104554838853413323e-01
3.776742248244558953e-01
5.134746532168482647e-01
6.530358369677866648e-01
7.439621075380831172e-01
7.655487782474138525e-01
6.958665330910880353e-01
5.350035822736792790e-01
3.178665480054111980e-01
1.505123414318697561e-01
4.028343846834015474e-01
3.862487841432657443e-01
3.351545731037527398e-01
3.104554540661010331e-01
3.776741885488574813e-01
5.134746038976226723e-01
6.530357742437133961e-01
7.439620360805441202e-01
7.655487047164757364e-01
6.958664662531275358e-01
5.350035308866006867e-01
3.178665174743384725e-01
1.505123269751637016e-01
4.028343935515167895e-01
3.862487926462606636e-01
3.351545804819445751e-01
3.104554609005591992e-01
3.776741968630887292e-01
5.134746152014043608e-01
6.530357886198359108e-01
7.439620524583443473e-01
7.655487215694912750e-01
6.958664815721377073e-01
5.350035426643265923e-01
3.178665244719459104e-01
1.505123302885865710e-01
