0.000000000000000000e+00
4.568889702330853897e-01
4.517340417778596962e-01
5.455124237824496847e-01
6.695028928280197800e-01
7.522045113940080130e-01
7.610429034179690966e-01
6.680288295120315745e-01
4.632550398615161713e-01
2.060996096142690415e-01
3.896319016398373108e-02
5.004073609064593406e-03
5.302120189763115821e-04
0.000000000000000000e+00
4.568889797841138578e-01
4.517340512211270864e-01
5.455124351861058152e-01
6.695029068236327818e-01
7.522045271184556459e-01
7.610429193271788240e-01
6.680288434768300032e-01
4.632550495456240758e-01
2.060996139226752011e-01
3.896319097848913865e-02
5.004073713672172949e-03
5.302120300601206914e-04
0.000000000000000000e+00
4.568890704151621351e-01
4.517341408296149941e-01
5.455125433969973958e-01
6.695030396299663789e-01
7.522046763299443661e-01
7.610430702919002144e-01
6.680289759907601654e-01
4.632551414394814882e-01
2.060996548057450195e-01
3.896319870744519021e-02
5.004074706308167184e-03
5.302121352359385077e-04
0.000000000000000000e+00
4.568890379310827643e-01
4.517341087120428367e-01
5.455125046119313481e-01
6.695029920293751324e-01
7.522046228493994846e-01
7.610430161829597751e-01
6.680289284949725293e-01
4.632551085027847293e-01
2.060996401523904620e-01
3.896319593722431807e-02
5.004074350526489627e-03
5.302120975387068866e-04
0.000000000000000000e+00
4.568888402997309806e-01
4.517339133105007787e-01
5.455122686457234416e-01
6.695027024299967655e-01
7.522042974767070289e-01
7.610426869871429467e-01
6.680286395332133420e-01
4.632549081177333439e-01
2.060995510021874366e-01
3.896317908335292929e-02
5.004072185970336387e-03
5.302118681908239706e-04
0.000000000000000000e+00
4.568890183287072082e-01
4.517340893308344207e-01
5.455124812072529306e-01
6.695029633050065820e-01
7.522045905767987817e-01
7.610429835311564029e-01
6.680288998338472783e-01
4.632550886272791546e-01
2.060996313098877597e-01
3.896319426554665372e-02
5.004074135831592350e-03
5.302120747904774797e-04
0.000000000000000000e+00
4.568890915357323723e-01
4.517341617118887376e-01
5.455125686143569297e-01
6.695030705790235848e-01
7.522047111020426780e-01
7.610431054725702582e-01
6.680290068716759899e-01
4.632551628543355449e-01
2.060996643330953448e-01
3.896320050859349710e-02
5.004074937631081132e-03
5.302121597460075038e-04
0.000000000000000000e+00
4.568890917163535570e-01
4.517341618904719969e-01
5.455125688300135334e-01
6.695030708436969791e-01
7.522047113994104750e-01
7.610431057734320381e-01
6.680290071357667392e-01
4.632551630374733831e-01
2.060996644145723644e-01
3.896320052399674522e-02
5.004074939609333764e-03
5.302121599556153340e-04
0.000000000000000000e+00
4.568889745542417113e-01
4.517340460502618504e-01
5.455124289417873085e-01
6.695028991600322499e-01
7.522045185081943641e-01
7.610429106157470258e-01
6.680288358301026408e-01
4.632550442428813864e-01
2.060996115635142512e-01
3.896319053248908926e-02
5.004073656392030514e-03
5.302120239909413526e-04
0.000000000000000000e+00
3.911136749803423296e-01
3.832967640123634556e-01
4.629173189600210292e-01
5.717259385993767040e-01
6.478468201773122104e-01
6.623306775839576943e-01
5.876269829813883794e-01
4.093206034689435002e-01
1.822320017351305166e-01
3.445425798865375117e-02
4.424987245938236807e-03
4.688468949191879932e-04
0.000000000000000000e+00
4.568890194659045445e-01
4.517340904552011316e-01
5.455124825650341513e-01
6.695029649714003828e-01
7.522045924490369240e-01
7.610429854253933923e-01
6.680289014965720140e-01
4.632550897803215939e-01
2.060996318228699997e-01
3.896319436252609208e-02
5.004074148286739507e-03
5.302120761101759535e-04
0.000000000000000000e+00
4.568889572046193615e-01
4.517340288963896389e-01
5.455124082268321128e-01
6.695028737367388905e-01
7.522044899444403354e-01
7.610428817163692461e-01
6.680288104627845058e-01
4.632550266515178539e-01
2.060996037372137268e-01
3.896318905292473628e-02
5.004073466370400139e-03
5.302120038569944340e-04
0.000000000000000000e+00
4.568888390344825190e-01
4.517339120595276758e-01
5.455122671350528529e-01
6.695027005759631722e-01
7.522042953936504128e-01
7.610426848796104649e-01
6.680286376832618167e-01
4.632549068348555399e-01
2.060995504314421800e-01
3.896317897545337194e-02
5.004072172112710402e-03
5.302118667225243134e-04
0.000000000000000000e+00
4.568887205250850014e-01
4.517337948872328091e-01
5.455121256382058359e-01
6.695025269180514549e-01
7.522041002843147250e-01
7.610424874777428350e-01
6.680284644076974754e-01
4.632547866742054432e-01
2.060994969726323567e-01
3.896316886905008131e-02
5.004070874139269869e-03
5.302117291943478578e-04
0.000000000000000000e+00
4.568895898998946992e-01
4.517346544531715691e-01
5.455131636469793266e-01
6.695038008576471578e-01
7.522055315897226979e-01
7.610439356009685019e-01
6.680297355424247296e-01
4.632556681624627193e-01
2.060998891418913126e-01
3.896324300876069513e-02
5.004080395961473839e-03
5.302127380892941765e-04
0.000000000000000000e+00
4.568889416380477742e-01
4.517340135054505046e-01
5.455123896407887418e-01
6.695028509262412886e-01
7.522044643162326683e-01
7.610428557870304589e-01
6.680287877025093968e-01
4.632550108680491552e-01
2.060995967152356445e-01
3.896318772541777081e-02
5.004073295877621390e-03
5.302119857922480122e-04
0.000000000000000000e+00
4.568886135763616796e-01
4.517336891451768643e-01
5.455119979444748024e-01
6.695023702005897803e-01
7.522039242080305055e-01
7.610423093325648924e-01
6.680283080352851233e-01
4.632546782353104131e-01
2.060994487287666488e-01
3.896315974853346853e-02
5.004069702784041777e-03
5.302116050821406926e-04
0.000000000000000000e+00
4.568892849453572991e-01
4.517343529393362811e-01
5.455127995399431384e-01
6.695033539920884902e-01
7.522050295242457274e-01
7.610434276362294526e-01
6.680292896607423758e-01
4.632553589588365162e-01
2.060997515789051437e-01
3.896321700243879360e-02
5.004077055948796815e-03
5.302123841946468656e-04
0.000000000000000000e+00
4.568891558346881987e-01
4.517342252853804863e-01
5.455126453854797219e-01
6.695031647995884905e-01
7.522048169613821944e-01
7.610432125757554678e-01
6.680291008847929479e-01
4.632552280492018282e-01
2.060996933379314056e-01
3.896320599196605172e-02
5.004075641864995372e-03
5.302122343638718000e-04
0.000000000000000000e+00
4.568889806163577427e-01
4.517340520439810381e-01
5.455124361797812904e-01
6.695029080431624813e-01
7.522045284886301753e-01
7.610429207134528085e-01
6.680288446936746283e-01
4.632550503894640181e-01
2.060996142980949242e-01
3.896319104946235207e-02
5.004073722787319087e-03
5.302120310259258182e-04
0.000000000000000000e+00
