0.000000000000000000e+00
2.733226830511161776e-01
4.475033784200614373e-01
6.552899494170034700e-01
7.187107059265496201e-01
5.128015114960905452e-01
6.532867955093757395e-02
-4.289474275494904454e-01
-6.466808179563628967e-01
-6.822621777396473686e-01
-6.216302062162167852e-01
-4.780470969321171659e-01
-2.840377478905913300e-01
-1.344955026484846439e-01
4.696278833678038667e-02
1.618306368177933885e-01
3.085912280889970272e-01
3.562150865915441611e-01
2.056256326774537069e-01
-1.184349359633560528e-01
-4.731448280372692050e-01
-6.385502524515511702e-01
-6.676712682759221584e-01
-6.078235801839994012e-01
-4.673882109228296722e-01
-2.777007138589103752e-01
-1.314943604670158195e-01
2.733233012244050131e-01
4.475039711417611588e-01
6.552904637316017133e-01
7.187111823388827592e-01
5.128020910595639803e-01
6.532946750821400084e-02
-4.289464254273090971e-01
-6.466796763024325045e-01
-6.822610029596917203e-01
-6.216291383677946536e-01
-4.780462759374236037e-01
-2.840372601055412560e-01
-1.344952716783795466e-01
2.733225496005895483e-01
4.475032504639940845e-01
6.552898383873695387e-01
7.187106030792123068e-01
5.128013863806055728e-01
6.532850944764229117e-02
-4.289476438864550101e-01
-6.466810644152782839e-01
-6.822624313497702708e-01
-6.216304367420851795e-01
-4.780472741674914872e-01
-2.840378531930574657e-01
-1.344955525100408056e-01
2.733227997155354139e-01
4.475034902811433346e-01
6.552900464807476233e-01
7.187107958372093153e-01
5.128016208738932491e-01
6.532882825774793956e-02
-4.289472384245243131e-01
-6.466806024983430268e-01
-6.822619560299362229e-01
-6.216300046871013896e-01
-4.780469419903380923e-01
-2.840376558336218382e-01
-1.344954590587766063e-01
2.733228849798992055e-01
4.475035720349808122e-01
6.552901174199288192e-01
7.187108615485481300e-01
5.128017008128225029e-01
6.532893694034075383e-02
-4.289471002022625656e-01
-6.466804450305299046e-01
-6.822617939930653019e-01
-6.216298573992488086e-01
-4.780468287509092584e-01
-2.840375885536492451e-01
-1.344954272011738561e-01
2.733226690972304640e-01
4.475033650406886609e-01
6.552899378074964476e-01
7.187106951726018877e-01
5.128014984137353460e-01
6.532866176455637275e-02
-4.289474501701676656e-01
-6.466808437266587939e-01
-6.822622042576893531e-01
-6.216302303205175628e-01
-4.780471154642446097e-01
-2.840377589012528792e-01
-1.344955078621205558e-01
2.733226169513519599e-01
4.475033150417736527e-01
6.552898944225961086e-01
7.187106549849391346e-01
5.128014495247797955e-01
6.532859529658507913e-02
-4.289475347039746200e-01
-6.466809400306372524e-01
-6.822623033560069050e-01
-6.216303203986478509e-01
-4.780471847190803092e-01
-2.840378000482587373e-01
-1.344955273455554490e-01
2.733214178227478253e-01
4.475021652839997754e-01
6.552888967584177271e-01
7.187097308433330056e-01
5.128003252912491927e-01
6.532706682208427873e-02
-4.289494786141923033e-01
-6.466831546036522216e-01
-6.822645821866740734e-01
-6.216323918042080399e-01
-4.780487772793520773e-01
-2.840387462505887806e-01
-1.344959753798926627e-01
2.733226839444383716e-01
4.475033792766035523e-01
6.552899501602394983e-01
7.187107066150131285e-01
5.128015123336175929e-01
6.532868068961455998e-02
-4.289474261013237477e-01
-6.466808163065589365e-01
-6.822621760419729231e-01
-6.216302046730690645e-01
-4.780470957456978143e-01
-2.840377471856931901e-01
-1.344955023147097473e-01
2.733226587618579617e-01
4.475033551308467694e-01
6.552899292085597738e-01
7.187106872073614205e-01
5.128014887238887543e-01
6.532864859052867068e-02
-4.289474669248645178e-01
-6.466808628142169946e-01
-6.822622238990887489e-01
-6.216302481741055042e-01
-4.780471291906319142e-01
-2.840377670566363033e-01
-1.344955117237595366e-01
2.733227759270666635e-01
4.475034674720995143e-01
6.552900266889563063e-01
7.187107775039682789e-01
5.128015985712026659e-01
6.532879793567258897e-02
-4.289472769880673386e-01
-6.466806464313297198e-01
-6.822620012376745535e-01
-6.216300457799136536e-01
-4.780469735837553635e-01
-2.840376746045064071e-01
-1.344954679469398673e-01
2.733226221472491724e-01
4.475033200237440445e-01
6.552898987455355595e-01
7.187106589893008657e-01
5.128014543961521010e-01
6.532860191955802698e-02
-4.289475262808934986e-01
-6.466809304347577170e-01
-6.822622934816949813e-01
-6.216303114231215288e-01
-4.780471778184197107e-01
-2.840377959483065262e-01
-1.344955254041954318e-01
2.733226788457407408e-01
4.475033743878307768e-01
6.552899459181691366e-01
7.187107026855608094e-01
5.128015075533740585e-01
6.532867419053745017e-02
-4.289474343668345790e-01
-6.466808257229286205e-01
-6.822621857315662730e-01
-6.216302134806904744e-01
-4.780471025172678412e-01
-2.840377512089477530e-01
-1.344955042197528150e-01
2.733225380110069214e-01
4.475032393515807061e-01
6.552898287449413495e-01
7.187105941473801440e-01
5.128013755148841391e-01
6.532849467493029305e-02
-4.289476626743548016e-01
-6.466810858191350819e-01
-6.822624533746775022e-01
-6.216304567622280564e-01
-4.780472895595927474e-01
-2.840378623381066836e-01
-1.344955568402944335e-01
2.733226930994214210e-01
4.475033880546552822e-01
6.552899577771027495e-01
7.187107136705539467e-01
5.128015209167995359e-01
6.532869235905369720e-02
-4.289474112601591171e-01
-6.466807993989659442e-01
-6.822621586437922492e-01
-6.216301888585160640e-01
-4.780470835869832791e-01
-2.840377399617254883e-01
-1.344954988941035323e-01
2.718047813103503518e-01
4.427477235857760762e-01
6.464117636634330033e-01
7.084986062979554688e-01
5.068124844931695128e-01
6.843167786311837864e-02
-4.158881835626223600e-01
-6.289911112102192225e-01
-6.637598834236901890e-01
-6.047858890109314434e-01
-4.650945557682125142e-01
-2.763419360481883524e-01
-1.308514501280116094e-01
2.733226764887912164e-01
4.475033721279221832e-01
6.552899439572082985e-01
7.187107008691124843e-01
5.128015053436346671e-01
6.532867118624147151e-02
-4.289474381876909881e-01
-6.466808300757868055e-01
-6.822621902107262049e-01
-6.216302175521455364e-01
-4.780471056475276703e-01
-2.840377530687575036e-01
-1.344955051003875468e-01
2.733226760324761195e-01
4.475033716903946135e-01
6.552899435775583203e-01
7.187107005174406815e-01
5.128015049158201055e-01
6.532867060459740527e-02
-4.289474389274245958e-01
-6.466808309185180237e-01
-6.822621910779099741e-01
-6.216302183403958903e-01
-4.780471062535588955e-01
-2.840377534288243688e-01
-1.344955052708820542e-01
2.733226811685866564e-01
4.475033766150398606e-01
6.552899478507558939e-01
7.187107044757261587e-01
5.128015097311398041e-01
6.532867715136309039e-02
-4.289474306012636129e-01
-6.466808214330536098e-01
-6.822621813172169425e-01
-6.216302094681467327e-01
-4.780470994323008926e-01
-2.840377493760482541e-01
-1.344955033518603071e-01
