0.000000000000000000e+00
4.028344945061168025e-01
3.862488894443319998e-01
3.351546644752608217e-01
3.104555387040123793e-01
3.776742915122748290e-01
5.134747438836252398e-01
6.530359522775769365e-01
7.439622389031778082e-01
7.655489134241745264e-01
6.958666559637075588e-01
5.350036767419265038e-01
3.178666041326907443e-01
1.505123680085835303e-01
4.028343921267083516e-01
3.862487912801148005e-01
3.351545792965167081e-01
3.104554598024910073e-01
3.776741955272706619e-01
5.134746133852660099e-01
6.530357863100756388e-01
7.439620498269817750e-01
7.655487188617776662e-01
6.958664791108872816e-01
5.350035407720415970e-01
3.178665233476654084e-01
1.505123297562308005e-01
4.028343754417981204e-01
3.862487752821599507e-01
3.351545654148220810e-01
3.104554469438038922e-01
3.776741798844653886e-01
5.134745921177725769e-01
6.530357592621282015e-01
7.439620190129789812e-01
7.655486871536812954e-01
6.958664502889443382e-01
5.350035186128458964e-01
3.178665101820207783e-01
1.505123235221932365e-01
4.028344402605784635e-01
3.862488374322048390e-01
3.351546193434624121e-01
3.104554968981887431e-01
3.776742406547997644e-01
5.134746747393134081e-01
6.530358643400062668e-01
7.439621387215084036e-01
7.655488103356518081e-01
6.958665622585709087e-01
5.350036046985368055e-01
3.178665613288959024e-01
1.505123477406458410e-01
4.028347924224799370e-01
3.862491750948062741e-01
3.351549123389867546e-01
3.104557683014929070e-01
3.776745708214028219e-01
5.134751236240158168e-01
6.530364352304981468e-01
7.439627891006598270e-01
7.655494795860876556e-01
6.958671705920878026e-01
5.350040724040453499e-01
3.178668392110268193e-01
1.505124793200474098e-01
4.028353217348957238e-01
3.862496826142355899e-01
3.351553527221404760e-01
3.104561762307378459e-01
3.776750670740682270e-01
5.134757983143931614e-01
6.530372933001079572e-01
7.439637666446767827e-01
7.655504854943460114e-01
6.958680849399545565e-01
5.350047753827933406e-01
3.178672568781889529e-01
1.505126770887742771e-01
4.028344097045209460e-01
3.862488081342091428e-01
3.351545939210982539e-01
3.104554733493183338e-01
3.776742120072099085e-01
5.134746357909014680e-01
6.530358148055092071e-01
7.439620822900129271e-01
7.655487522667501210e-01
6.958665094752520819e-01
5.350035641170987066e-01
3.178665372178766657e-01
1.505123363238862755e-01
4.028344319290689257e-01
3.862488294437224079e-01
3.351546124117216752e-01
3.104554904772806045e-01
3.776742328436589746e-01
5.134746641195184758e-01
6.530358508337765766e-01
7.439621233347216700e-01
7.655487945024047614e-01
6.958665478665072568e-01
5.350035936334759379e-01
3.178665547547105397e-01
1.505123446277167321e-01
4.028343793755961855e-01
3.862487790539946286e-01
3.351545686877065444e-01
3.104554499754940688e-01
3.776741835725665464e-01
5.134745971320053837e-01
6.530357656392173915e-01
7.439620262779903515e-01
7.655486946294928208e-01
6.958664570842881814e-01
5.350035238373150870e-01
3.178665132860822307e-01
1.505123249919910478e-01
8.858329362698375009e-02
7.765197991566294422e-02
-1.451474142956967611e-02
-1.010239460490959668e-01
-8.968991756396052506e-02
1.761305934793143055e-02
1.823456028408779461e-01
3.665727076670858287e-01
5.215438780222212412e-01
5.532147593631294713e-01
4.386377610901943114e-01
2.619148745206574813e-01
1.241526920969075881e-01
4.028343660650484104e-01
3.862487662914722009e-01
3.351545576134509208e-01
3.104554397173525104e-01
3.776741710933678720e-01
5.134745801656577235e-01
6.530357440614570352e-01
7.439620016958231608e-01
7.655486693340539661e-01
6.958664340913059965e-01
5.350035061596035701e-01
3.178665027830625545e-01
1.505123200187276078e-01
3.946002352120029366e-01
3.784000604009499225e-01
3.288658539031142358e-01
3.051881447000382996e-01
3.710548556304898993e-01
5.035860653445737301e-01
6.394405434942618260e-01
7.274619001985758171e-01
7.476502478233342242e-01
6.790929528605934573e-01
5.220227450065523245e-01
3.101458234156598270e-01
1.468556637012003452e-01
4.028344227343313433e-01
3.862488206275528912e-01
3.351546047617829927e-01
3.104554833911019052e-01
3.776742242232055125e-01
5.134746523994061507e-01
6.530358359281657199e-01
7.439621063537091850e-01
7.655487770286742988e-01
6.958665319832814111e-01
5.350035814219634700e-01
3.178665474993735418e-01
1.505123411922568988e-01
4.028343914727062769e-01
3.862487906530394643e-01
3.351545787523930175e-01
3.104554592984664074e-01
3.776741949141164123e-01
5.134746125516395088e-01
6.530357852498712701e-01
7.439620486191583781e-01
7.655487176189081922e-01
6.958664779811469803e-01
5.350035399034624994e-01
3.178665228316086555e-01
1.505123295118738214e-01
4.028344319118010164e-01
3.862488294271654299e-01
3.351546123973549451e-01
3.104554904639726387e-01
3.776742328274695359e-01
5.134746640975078602e-01
6.530358508057835243e-01
7.439621233028309577e-01
7.655487944695886782e-01
6.958665478366782287e-01
5.350035936105423939e-01
3.178665547410848835e-01
1.505123446212648652e-01
4.028336810826678160e-01
3.862481095113617369e-01
3.351539877142911683e-01
3.104549118167460042e-01
3.776735288935592072e-01
5.134737070498812672e-01
6.530346336348988867e-01
7.439607366576190817e-01
7.655473675897287444e-01
6.958652508351422794e-01
5.350025964358903208e-01
3.178659622806324636e-01
1.505120640865232895e-01
4.028343555110101559e-01
3.862487561719674667e-01
3.351545488325863298e-01
3.104554315835911793e-01
3.776741611985128255e-01
5.134745667129068103e-01
6.530357269522806263e-01
7.439619822044288844e-01
7.655486492771008677e-01
6.958664158599890959e-01
5.350034921428066248e-01
3.178664944551354843e-01
1.505123160753878142e-01
4.028343993446046878e-01
3.862487982008340204e-01
3.351545853017414145e-01
3.104554653651624974e-01
3.776742022943523902e-01
5.134746225855890689e-01
6.530357980110244043e-01
7.439620631571267628e-01
7.655487325787077024e-01
6.958664915792664996e-01
5.350035503581148655e-01
3.178665290431264001e-01
1.505123324530769080e-01
4.028343783928555188e-01
3.862487781117156516e-01
3.351545678700751929e-01
3.104554492181178516e-01
3.776741826512058364e-01
5.134745958793507370e-01
6.530357640460943136e-01
7.439620244630467116e-01
7.655486927618870840e-01
6.958664553866766855e-01
5.350035225321392307e-01
3.178665125106261979e-01
1.505123246248064595e-01
4.039812883287574596e-01
3.873290514788491623e-01
3.358736509820226535e-01
3.108881003536572152e-01
3.782890233816933456e-01
5.146824897122217468e-01
6.549982910337046604e-01
7.466211852019181139e-01
7.686697320666731059e-01
6.989143637594381619e-01
5.373823236643613388e-01
3.192833244718679686e-01
1.511835533129308740e-01
