0.000000000000000000e+00
4.334504402059127237e-01
4.645414075342043647e-01
7.399410069367640119e-01
1.025244458819751570e+00
1.080914293217344779e+00
8.748058387293364824e-01
4.557895232236303107e-01
-9.185452485041445403e-02
-6.349499999624472757e-01
-8.725798173030896443e-01
-7.205317123454765271e-01
-4.329584791972735935e-01
-2.055090268453886315e-01
4.348403960580016214e-01
4.678398727351359976e-01
7.428719965379192436e-01
1.025926635711805091e+00
1.078646759529054089e+00
8.694615615291065858e-01
4.489721723611037607e-01
-9.539373919096363896e-02
-6.332141950735100666e-01
-8.679592909948912194e-01
-7.164660693391057267e-01
-4.304926692354718032e-01
-2.043362842280151137e-01
4.403055730250757804e-01
4.800885632060238883e-01
7.546369738744966860e-01
1.030615049469334465e+00
1.073069772757867524e+00
8.523848264315714296e-01
4.254359305124107982e-01
-1.090397737782873300e-01
-6.298756955064314100e-01
-8.550632381387871517e-01
-7.048873370311101727e-01
-4.234503792259350918e-01
-2.009849700850120380e-01
5.204654943353108631e-01
5.817439729537249304e-01
6.945612021178853013e-01
7.755592204852861382e-01
7.634187743288740613e-01
6.425154829122202704e-01
4.503413321250016033e-01
2.914674043680711701e-01
1.501880837582010297e-01
5.756863274244133910e-02
3.103622632279928739e-02
1.714526293917786881e-02
7.985289050078323014e-03
4.348389613614089821e-01
4.678441010506871889e-01
7.428672333178865106e-01
1.025906375991125552e+00
1.078615579729916396e+00
8.694265872653212934e-01
4.489445303198450477e-01
-9.539473539101167576e-02
-6.331825284474799087e-01
-8.679122762279578573e-01
-7.164268521279861801e-01
-4.304690680983501716e-01
-2.043250780108991638e-01
2.431957522581728037e-01
2.396552112026192338e-01
4.315305243814289149e-01
6.532437801349677553e-01
7.250346400623246534e-01
6.194239495206492752e-01
3.503407807027490994e-01
-6.436782273000307697e-02
-4.979203754649286218e-01
-6.899475115887113708e-01
-5.703777406431818076e-01
-3.427925543501903483e-01
-1.627167014573565607e-01
4.284760762076818552e-01
4.540808035003436327e-01
7.339234732333252964e-01
1.029352021257551542e+00
1.094011249059968272e+00
8.939233204627685669e-01
4.737812649873192616e-01
-9.056169677292230658e-02
-6.557453358430068713e-01
-9.039003994098319117e-01
-7.467049843451234459e-01
-4.487139738428257973e-01
-2.129904322030931330e-01
5.601938388928811019e-01
7.182675535995198812e-01
8.822893683137453813e-01
9.243405578843324477e-01
7.717978298439491791e-01
4.349216610467926958e-01
5.641271547545985421e-02
-8.631389425214711086e-02
-1.017006312021728198e-01
-9.192721555987740101e-02
-7.046408079070359820e-02
-4.184433487951727537e-02
-1.981165816530355145e-02
4.249382490895883269e-01
4.550424089548137374e-01
7.326046839903597174e-01
1.020941905931903371e+00
1.077533662841140938e+00
8.702168946592132581e-01
4.481011497175964031e-01
-1.055261650308883525e-01
-6.545941401893629052e-01
-8.935612622331267074e-01
-7.371896007280680507e-01
-4.429071519553799408e-01
-2.102251006709552894e-01
4.348419265226163843e-01
4.678516674541229881e-01
7.428743953007497236e-01
1.025908627842039289e+00
1.078610761869469581e+00
8.694139107152683010e-01
4.489275149524203368e-01
-9.540488364062765791e-02
-6.331809167155630913e-01
-8.679039774625691983e-01
-7.164193188657974609e-01
-4.304644794076116776e-01
-2.043228936340131252e-01
4.238398353045931266e-01
4.466357394607093356e-01
7.233166823676021595e-01
1.017920528166359473e+00
1.085907007386838430e+00
8.928495652103554114e-01
4.803611913422768387e-01
-8.087790291955551658e-02
-6.458552413522439251e-01
-8.950776172655889873e-01
-7.399519465474000413e-01
-4.447046911989015472e-01
-2.110923058746930203e-01
2.431994696956139013e-01
2.396588941003082729e-01
4.315336511382971141e-01
6.532464687359166300e-01
7.250377435034145446e-01
6.194281499886060693e-01
3.503462647715058775e-01
-6.436116394560298382e-02
-4.979130521507214580e-01
-6.899405904462808659e-01
-5.703723748912582492e-01
-3.427893619838149886e-01
-1.627151893981948483e-01
4.218893449517104877e-01
4.458288998084943833e-01
7.211070576110930608e-01
1.012972103768511767e+00
1.078623352024909998e+00
8.842088783657098272e-01
4.723898162221735753e-01
-8.436626511721817545e-02
-6.434236519474267890e-01
-8.895083461776510658e-01
-7.351042946782145870e-01
-4.417691125632758897e-01
-2.096965941420804724e-01
4.348483253673304239e-01
4.678594016210523843e-01
7.428841434191204574e-01
1.025919477221284293e+00
1.078620647666934884e+00
8.694207221450782619e-01
4.489303234350585647e-01
-9.540461783908732452e-02
-6.331822673868990892e-01
-8.679060320801037509e-01
-7.164210365187985152e-01
-4.304655134403345684e-01
-2.043233846466768200e-01
2.454667377287200192e-01
2.415507635215997095e-01
4.312445062219828484e-01
6.510324549512458425e-01
7.233000587067540677e-01
6.204764508813234158e-01
3.554439531157961851e-01
-5.505442514663128062e-02
-4.852430059710056698e-01
-6.767329625478396560e-01
-5.599336887175035971e-01
-3.365595007971223795e-01
-1.597624403091203737e-01
4.348388135655886222e-01
4.678456076356217741e-01
7.428685475514020808e-01
1.025905829658011026e+00
1.078612331405176317e+00
8.694203563311651006e-01
4.489366880960046213e-01
-9.540001627510535931e-02
-6.331833510840837453e-01
-8.679104163735080757e-01
-7.164249823925139538e-01
-4.304679141515163066e-01
-2.043245271842950017e-01
4.348377572948660674e-01
4.678431015572959151e-01
7.428660096389387846e-01
1.025904660662906531e+00
1.078613345080263297e+00
8.694239521558752015e-01
4.489418859266199879e-01
-9.539664124520244592e-02
-6.331833375479721804e-01
-8.679123710243825673e-01
-7.164268171248204808e-01
-4.304690367387702943e-01
-2.043250620765770242e-01
4.348433017670519374e-01
4.678542339061353417e-01
7.428731964288105560e-01
1.025902184838916043e+00
1.078601881119956918e+00
8.694059758164580654e-01
4.489242045092783906e-01
-9.539855548019943177e-02
-6.331640103728047864e-01
-8.678828358835950496e-01
-7.164020923261995577e-01
-4.304541492569483596e-01
-2.043179924446674733e-01
4.348450215613940406e-01
4.678548688777071640e-01
7.428784718973246992e-01
1.025913665652106843e+00
1.078616178544246518e+00
8.694189326277628194e-01
4.489313723113441124e-01
-9.540274474128984661e-02
-6.331806725971762528e-01
-8.679048228891015349e-01
-7.164201482502529084e-01
-4.304649897405443681e-01
-2.043231370858597518e-01
2.440224014246511475e-01
2.396346989106058478e-01
4.326090431990204932e-01
6.563941035312211847e-01
7.298489196887870678e-01
6.250974758820567745e-01
3.553622205694931258e-01
-6.280009689389076666e-02
-5.007947943698594084e-01
-6.950646612109627753e-01
-5.747338371290948711e-01
-3.454219867655659582e-01
-1.639660024387976089e-01
