4.289771436155367379e-01 0.000000000000000000e+00 1.264612163951821744e+00 7.066078411622537248e-01 0.000000000000000000e+00
1.039271587514982581e-01 0.000000000000000000e+00 3.063741872198967875e-01 2.916644597606034228e+00 0.000000000000000000e+00
3.587167568331660616e-01 0.000000000000000000e+00 1.057487112256130235e+00 8.450074378996815794e-01 0.000000000000000000e+00
2.365367454871819264e-01 0.000000000000000000e+00 6.973026646219365743e-01 1.281485545294823725e+00 0.000000000000000000e+00
8.712036095303714311e-02 0.000000000000000000e+00 2.568279548422076619e-01 3.479312764920975187e+00 0.000000000000000000e+00
3.037077689954303938e-02 0.000000000000000000e+00 8.953216574546098150e-02 9.980596715867475766e+00 0.000000000000000000e+00
4.048396816087420635e-01 0.000000000000000000e+00 1.193455862243522958e+00 7.487365521571922589e-01 0.000000000000000000e+00
2.357333949203742840e+00 0.000000000000000000e+00 6.949357627542645410e+00 1.285852040485704340e-01 0.000000000000000000e+00
2.427017410214103332e+00 0.000000000000000000e+00 7.154775587563172223e+00 1.248934596669302732e-01 0.000000000000000000e+00
6.286555310231957405e-02 5.078343928034381172e-01 1.176987978610105484e-01 7.982007870385382731e+00 0.000000000000000000e+00
3.036545868864342149e-02 0.000000000000000000e+00 8.951649631000309359e-02 9.982344612229578473e+00 0.000000000000000000e+00
4.006526290110426491e-01 0.000000000000000000e+00 1.181111499129850584e+00 7.565622401269417319e-01 0.000000000000000000e+00
9.095871801303044568e-02 0.000000000000000000e+00 2.681432003243559570e-01 3.332489663208415553e+00 0.000000000000000000e+00
5.126445769602777647e-01 0.000000000000000000e+00 1.511258025753800860e+00 5.912855400949069695e-01 0.000000000000000000e+00
2.806619408125294868e+00 0.000000000000000000e+00 8.273867264657948084e+00 1.080006947491996827e-01 0.000000000000000000e+00
3.561239896684804673e-01 0.000000000000000000e+00 1.049842685672218945e+00 8.511605612354669059e-01 0.000000000000000000e+00
6.411596599333783120e-01 0.000000000000000000e+00 1.890114100745015291e+00 4.727677824132389683e-01 0.000000000000000000e+00
3.342156610925000493e+00 0.000000000000000000e+00 9.852602336488006429e+00 9.069524592576110045e-02 0.000000000000000000e+00
3.031181091046011508e-02 0.000000000000000000e+00 8.935835439983476347e-02 9.999999171577540480e+00 0.000000000000000000e+00
2.551433056544429867e-01 0.000000000000000000e+00 7.521549001545159152e-01 1.188032674288330481e+00 0.000000000000000000e+00
