0.000000000000000000e+00
2.643786880813756568e-01
3.917095829802064166e-01
4.374494203502633516e-01
3.702940647128379892e-01
2.080041728922638888e-01
-2.517728694679183254e-02
-2.150203745524044696e-01
-1.458989079123391708e-01
4.144187964573164962e-02
1.489265135428060605e-01
1.333118452905617535e-01
8.104788207603877415e-02
3.856596492265831899e-02
2.643796125777574946e-01
3.917106171807374637e-01
4.374506937245661864e-01
3.702955234309415200e-01
2.080056159130579396e-01
-2.517609083764726918e-02
-2.150195810089514659e-01
-1.458984786888702923e-01
4.144197949973427164e-02
1.489264223568531054e-01
1.333117446766871605e-01
8.104781931085661140e-02
3.856593489576717881e-02
2.463536394613585756e-01
4.072985850546420039e-01
4.496502736114087462e-01
3.447159200723812766e-01
1.257510401501877872e-01
-1.708418626261858364e-01
-3.957678659903384188e-01
-2.758258091177725468e-01
2.658197391026462242e-03
1.672985255427041906e-01
1.564810376290237670e-01
9.569914160698678174e-02
4.559441783083628685e-02
2.631628510475969573e-01
4.000629086184213090e-01
4.441543733938948524e-01
3.656394794416331084e-01
1.875759103813496864e-01
-6.249303889552093594e-02
-2.608608010852884185e-01
-1.757768018187020331e-01
3.850285372580630749e-02
1.619604916319432597e-01
1.459815066934000427e-01
8.883476588869865243e-02
4.227975694984698052e-02
2.836607521896792328e-01
4.354308022252759702e-01
4.791428570164945056e-01
3.861667000995246957e-01
1.867893599837083252e-01
-8.766312780832496987e-02
-3.003769417024897970e-01
-1.950147147093700406e-01
5.415310052650695871e-02
1.963576168512859432e-01
1.758314088558494692e-01
1.069030907564400557e-01
5.086948958431003476e-02
2.643789037723081603e-01
3.917098479140803113e-01
4.374498700310731625e-01
3.702946748390480991e-01
2.080047655759266478e-01
-2.517689789569957370e-02
-2.150203067845217197e-01
-1.458991711644414546e-01
4.144132962795460395e-02
1.489258623845465257e-01
1.333113192631349420e-01
8.104756705619511892e-02
3.856581550267661196e-02
3.505672296765967033e-01
5.368015967551893475e-01
5.646536512734767754e-01
4.225132131766873300e-01
1.733586833396163485e-01
-1.427084642829115069e-01
-3.634205121243021530e-01
-1.787717560007064943e-01
1.802415910302868074e-01
3.727373745813816752e-01
3.218546709854703813e-01
1.946811747759789046e-01
9.253788465211179592e-02
2.643803142596760636e-01
3.917112423493894213e-01
4.374515421719603614e-01
3.702967170142788533e-01
2.080070610818902099e-01
-2.517456554829208826e-02
-2.150182430960922153e-01
-1.458977144921693447e-01
4.144201658862287085e-02
1.489260416276106114e-01
1.333113822055150555e-01
8.104759712312169240e-02
3.856582898633405254e-02
2.701130017553654561e-01
4.195312765303684799e-01
4.684561394388309097e-01
3.830178271712560978e-01
1.866885186970059785e-01
-8.961303450809054993e-02
-3.091153089898019957e-01
-2.180913425005686079e-01
1.598547346593770513e-02
1.536036438179975150e-01
1.416028080615334694e-01
8.643357701107046154e-02
4.116335115409641698e-02
2.858340297157160315e-01
4.379258605372787772e-01
4.805305825451706703e-01
3.861045377857556526e-01
1.862764368783425273e-01
-8.756157398690825322e-02
-2.987017737409214391e-01
-1.905296728340870049e-01
6.148627367930126209e-02
2.045366975559878009e-01
1.823746212501853869e-01
1.108156242607492153e-01
5.272466939832471527e-02
2.643794094484036572e-01
3.917103522007090444e-01
4.374508027481640582e-01
3.702960947797678815e-01
2.080063307322417843e-01
-2.517558677216802376e-02
-2.150196077692703156e-01
-1.458993899296328056e-01
4.144016279993278928e-02
1.489242842130842348e-01
1.333100188619652515e-01
8.104678591397923570e-02
3.856544474972906089e-02
3.031978742266510096e-01
4.725205262410310247e-01
5.160546735385387329e-01
4.061345237481512882e-01
1.810680188013162883e-01
-1.231239811573141552e-01
-3.536677511578174560e-01
-2.249809597115692839e-01
6.531694682822042353e-02
2.303949299622161107e-01
2.060320267583586329e-01
1.252412152412105684e-01
5.959328390103868500e-02
2.601448915453360433e-01
3.409229255470725417e-01
4.187938955358215809e-01
4.328483825616400438e-01
3.505308448171474134e-01
1.788915612444922087e-01
-7.968123187837667862e-03
-6.832333339391204186e-02
-6.098932817319326072e-02
-4.646734471265755867e-02
-3.415300060254652242e-02
-2.013750505950395731e-02
-9.519533063060425099e-03
2.830100655380872188e-01
4.343218220426301457e-01
4.781305455741898247e-01
3.856921358203302397e-01
1.869851854777604960e-01
-8.678575833664481376e-02
-2.991913451719627193e-01
-1.946366025955122425e-01
5.328160507676932278e-02
1.948511890298230687e-01
1.745527246770963714e-01
1.061315764019549190e-01
5.050295951407547668e-02
2.643808757780599650e-01
3.917116066117318773e-01
4.374506281852900691e-01
3.702946245224600363e-01
2.080051156977912596e-01
-2.517504352080929264e-02
-2.150164523553807494e-01
-1.458934327057094804e-01
4.144840888997047834e-02
1.489329381170849120e-01
1.333168670216904328e-01
8.105087374235911413e-02
3.856738232879652895e-02
3.293317989386797540e-01
4.203684220273823935e-01
5.046630810755903251e-01
5.180274022951727453e-01
4.291147485632715863e-01
2.441841242162750003e-01
4.267432317347417958e-02
-1.765491492665653694e-02
-6.139257947297110940e-03
5.433128235921763638e-03
6.102455976058615561e-03
3.814398844989769222e-03
1.825421255971938772e-03
2.803228436225841391e-01
4.338725940545125614e-01
4.780803233048444012e-01
3.837544713410441233e-01
1.812053587505100816e-01
-9.751705854029552034e-02
-3.133806419141884625e-01
-2.067932094467063164e-01
4.605879997420081473e-02
1.912851407173143947e-01
1.723170881305085556e-01
1.048528462177053810e-01
4.990256007299161134e-02
2.601452046731390078e-01
3.409232684455881790e-01
4.187942584752756270e-01
4.328487490876239963e-01
3.505312064682881146e-01
1.788919011743648202e-01
-7.967816454497633066e-03
-6.832302880281665436e-02
-6.098902661215130361e-02
-4.646707534149813884e-02
-3.415279426976403770e-02
-2.013738254423285204e-02
-9.519475058873228673e-03
2.858414405647867751e-01
4.396237536702019000e-01
4.827457107230090361e-01
3.872031968356282605e-01
1.847671097362538761e-01
-9.265548874724560680e-02
-3.065345613897486610e-01
-1.972760643383061341e-01
5.779621086977337896e-02
2.030436313802868042e-01
1.815409744755935861e-01
1.103510937221690580e-01
5.250787082066790679e-02
2.601435138565121874e-01
3.409212822266760035e-01
4.187919754426069341e-01
4.328463747763010572e-01
3.505290387695119136e-01
1.788902524715807463e-01
-7.968838755352893738e-03
-6.832380971045107221e-02
-6.098972863735380862e-02
-4.646767290316335813e-02
-3.415324712247249511e-02
-2.013765095907766450e-02
-9.519602088982174332e-03
