0.000000000000000000e+00
4.677247256360147487e-01
5.355130888518863097e-01
6.279856324518076072e-01
7.215656431045920360e-01
8.033799778183067231e-01
8.481911793802632271e-01
8.523233798098395209e-01
7.978957131547272930e-01
6.868770084427007205e-01
5.230591798078241261e-01
3.221545306271046960e-01
9.234415421028735471e-02
-8.598178783864286745e-02
-1.962474762830478670e-01
-2.509210541902436864e-01
-2.701668380634462685e-01
-2.744826023516868108e-01
-2.683437391981253750e-01
-2.509209158923821348e-01
-2.255843450449162013e-01
-1.930306122070386821e-01
-1.527041181861432950e-01
-1.146979498658426688e-01
-8.089150968418132304e-02
-5.431171632377745223e-02
4.677250895395188568e-01
5.355134396426012300e-01
6.279859534777270103e-01
7.215659247447742120e-01
8.033802162155121440e-01
8.481913889377558080e-01
8.523235838335607717e-01
7.978959490747173922e-01
6.868773110247091696e-01
5.230595769508115112e-01
3.221550370595283597e-01
9.234477954267841793e-02
-8.598106673402840239e-02
-1.962466825793015568e-01
-2.509202089125039392e-01
-2.701659680165398592e-01
-2.744817300176791708e-01
-2.683428898152102615e-01
-2.509201227394610711e-01
-2.255836322742412747e-01
-1.930300023888368577e-01
-1.527036357978427683e-01
-1.146975875473076889e-01
-8.089125415999294522e-02
-5.431154476286054883e-02
4.677248854539302059e-01
5.355132326207076021e-01
6.279857472553999065e-01
7.215657230796697075e-01
8.033800220985304330e-01
8.481912010404479840e-01
8.523233976726558581e-01
7.978957566266720036e-01
6.868771051045011733e-01
5.230593526904829815e-01
3.221547930092427126e-01
9.234451532852709643e-02
-8.598134801452286813e-02
-1.962469798254535824e-01
-2.509205203768166692e-01
-2.701662871618075723e-01
-2.744820495635444946e-01
-2.683432008221932619e-01
-2.509204131159186169e-01
-2.255838932111231543e-01
-1.930302256324382959e-01
-1.527038123904184697e-01
-1.146977201844197741e-01
-8.089134770183357970e-02
-5.431160756751148705e-02
4.677248488368570545e-01
5.355131938515941270e-01
6.279857061196244539e-01
7.215656799927332443e-01
8.033799777277796927e-01
8.481911562134836213e-01
8.523233529413277720e-01
7.978957125995301825e-01
6.868770624369880951e-01
5.230593122114963744e-01
3.221547555342357816e-01
9.234448158260713524e-02
-8.598137903491372136e-02
-1.962470098015359210e-01
-2.509205505813511539e-01
-2.701663177636478008e-01
-2.744820800979502762e-01
-2.683432305088309100e-01
-2.509204408232528771e-01
-2.255839181066351395e-01
-1.930302469308315116e-01
-1.527038292378131712e-01
-1.146977328382615818e-01
-8.089135662587762510e-02
-5.431161355916191980e-02
4.677247917080840089e-01
5.355131317744626918e-01
6.279856378931037986e-01
7.215656060118497139e-01
8.033798991616597496e-01
8.481910753967152328e-01
8.523232720624277503e-01
7.978956346127308308e-01
6.868769902683181661e-01
5.230592488204578450e-01
3.221547032458935700e-01
9.234444230367901130e-02
-8.598140839646302436e-02
-1.962470337076402671e-01
-2.509205725704576895e-01
-2.701663394125612960e-01
-2.744821015052929525e-01
-2.683432512633120992e-01
-2.509204601754717046e-01
-2.255839354898954707e-01
-1.930302618008038207e-01
-1.527038409996800128e-01
-1.146977416722757825e-01
-8.089136285595302511e-02
-5.431161774203879106e-02
4.677247943106006556e-01
5.355131289759393898e-01
6.279856266846903790e-01
7.215655854799369884e-01
8.033798697055373195e-01
8.481910406003483338e-01
8.523232365214132855e-01
7.978956052831263079e-01
6.868769737489583971e-01
5.230592508699042353e-01
3.221547274818921669e-01
9.234449138194091022e-02
-8.598133973342481085e-02
-1.962469517606338365e-01
-2.509204826700421886e-01
-2.701662461320733510e-01
-2.744820077535198299e-01
-2.683431599102543141e-01
-2.509203748486455998e-01
-2.255838588046990278e-01
-1.930301961901459418e-01
-1.527037890986503721e-01
-1.146977026895852209e-01
-8.089133536344565722e-02
-5.431159928332336684e-02
4.677250205906828273e-01
5.355133475124815856e-01
6.279858273465851459e-01
7.215657623500435491e-01
8.033800203523817629e-01
8.481911737110496841e-01
8.523233662456323190e-01
7.978957543784580553e-01
6.868771633424407552e-01
5.230594978798585037e-01
3.221550407952161188e-01
9.234487677465882949e-02
-8.598089624891591676e-02
-1.962464641195273418e-01
-2.509199635457031730e-01
-2.701657118534706581e-01
-2.744814720879258374e-01
-2.683426383432597762e-01
-2.509198878115613818e-01
-2.255834211269393819e-01
-1.930298217306298802e-01
-1.527034928876488395e-01
-1.146974802075533262e-01
-8.089117845858642686e-02
-5.431149393618957960e-02
4.677252806556991271e-01
5.355135966328177233e-01
6.279860527650228397e-01
7.215659569404601070e-01
8.033801814847528755e-01
8.481913127108086092e-01
8.523235010816103685e-01
7.978959137832426496e-01
6.868773740443082643e-01
5.230597814651327671e-01
3.221554088310570330e-01
9.234533689629517705e-02
-8.598036207959085242e-02
-1.962458742822713875e-01
-2.509193346021120208e-01
-2.701650642588480089e-01
-2.744808227239336484e-01
-2.683420060438931332e-01
-2.509192973646877101e-01
-2.255828905172956034e-01
-1.930293677616005121e-01
-1.527031337815082934e-01
-1.146972104853462571e-01
-8.089098823769320934e-02
-5.431136622040038525e-02
4.677246941333760288e-01
5.355130290852571084e-01
6.279855298551384468e-01
7.215654938310320787e-01
8.033797845664139015e-01
8.481909601856505443e-01
8.523231571885904190e-01
7.978955209162577056e-01
6.868768787538143128e-01
5.230591410471813196e-01
3.221546009764098550e-01
9.234434716793522846e-02
-8.598149847770747423e-02
-1.962471224975498307e-01
-2.509206628553320440e-01
-2.701664311303876298e-01
-2.744821930965795076e-01
-2.683433403344298029e-01
-2.509205433151415199e-01
-2.255840101942694353e-01
-1.930303257118696214e-01
-1.527038915546392872e-01
-1.146977796434585500e-01
-8.089138963491872281e-02
-5.431163572158938940e-02
4.677247724725540068e-01
5.355131350626066711e-01
6.279856764716790218e-01
7.215656838643703663e-01
8.033800147361330746e-01
8.481912136134546198e-01
8.523234134718722377e-01
7.978957497248631014e-01
6.868770511249520094e-01
5.230592310807026246e-01
3.221545916834881451e-01
9.234422576950629402e-02
-8.598170773444398229e-02
-1.962473893888786736e-01
-2.509209621757131914e-01
-2.701667435018183516e-01
-2.744825075867172726e-01
-2.683436469400043989e-01
-2.509208297461286152e-01
-2.255842676303399796e-01
-1.930305459745821905e-01
-1.527040657939938706e-01
-1.146979105144964178e-01
-8.089148193176207147e-02
-5.431169769059512875e-02
4.677250349970427101e-01
5.355134335045461658e-01
6.279860235256033985e-01
7.215660798127009334e-01
8.033804531464173726e-01
8.481916751141360677e-01
8.523238770087976368e-01
7.978961851148479445e-01
6.868774291541057675e-01
5.230595243458174837e-01
3.221547807786644402e-01
9.234429550917822027e-02
-8.598173049750261476e-02
-1.962474689169692865e-01
-2.509210693458805430e-01
-2.701668601883228660e-01
-2.744826265129258203e-01
-2.683437633177452875e-01
-2.509209386027878019e-01
-2.255843655047891638e-01
-1.930306297279481831e-01
-1.527041320512535216e-01
-1.146979602814429400e-01
-8.089151703035057928e-02
-5.431172125634360637e-02
4.677249595034235763e-01
5.355133058102057309e-01
6.279858171810365208e-01
7.215657880715523609e-01
8.033800812263179880e-01
8.481912560489855979e-01
8.523234517953760525e-01
7.978958152012362026e-01
6.868771730416434185e-01
5.230594337732024091e-01
3.221548890378394536e-01
9.234462737718406034e-02
-8.598122291702507691e-02
-1.962468443041936461e-01
-2.509203769451414101e-01
-2.701661397812362142e-01
-2.744819018725812021e-01
-2.683430570401086901e-01
-2.509202788596532341e-01
-2.255837725630747692e-01
-1.930301224114061853e-01
-1.527037307390524956e-01
-1.146976588567030636e-01
-8.089130445064678099e-02
-5.431157852834139765e-02
4.677247877184134150e-01
5.355131186478857552e-01
6.279856107589379954e-01
7.215655634982887090e-01
8.033798420574581600e-01
8.481910096310215641e-01
8.523232051244634677e-01
7.978955777879068734e-01
6.868769542799092465e-01
5.230592430835345752e-01
3.221547337410440304e-01
9.234451344932118055e-02
-8.598130525116215450e-02
-1.962469090368774982e-01
-2.509204352021925932e-01
-2.701661967149716626e-01
-2.744819580372564460e-01
-2.683431114511960480e-01
-2.509203295815798929e-01
-2.255838181208648097e-01
-1.930301613812867023e-01
-1.527037615631159639e-01
-1.146976820076968245e-01
-8.089132077754769556e-02
-5.431158949021369642e-02
4.677250420213346915e-01
5.355134053884531564e-01
6.279859409518672164e-01
7.215659370422955465e-01
8.033802529109527191e-01
8.481914405737016605e-01
8.523236377267597863e-01
7.978959857796902311e-01
6.868773121799346404e-01
5.230595268134747844e-01
3.221549260612866505e-01
9.234460079778014641e-02
-8.598129912215699000e-02
-1.962469522311274250e-01
-2.509205018073786819e-01
-2.701662711172470588e-01
-2.744820344072309570e-01
-2.683431863440521314e-01
-2.509203996844466267e-01
-2.255838811648810116e-01
-1.930302153337995485e-01
-1.527038042463786383e-01
-1.146977140682453045e-01
-8.089134338869746754e-02
-5.431160467177552353e-02
4.677262144089214257e-01
5.355145665138679734e-01
6.279870540375003252e-01
7.215669760242520159e-01
8.033812028703098962e-01
8.481923275919408534e-01
8.523245110329942253e-01
7.978969269161791944e-01
6.868783960795882271e-01
5.230608109052201637e-01
3.221564372906476903e-01
9.234635502445505406e-02
-8.597934668169228412e-02
-1.962448404175781147e-01
-2.509182681159324857e-01
-2.701639763254093385e-01
-2.744797349028710309e-01
-2.683409477359594009e-01
-2.509183093995527858e-01
-2.255820027544052087e-01
-1.930286082514547086e-01
-1.527025329896217476e-01
-1.146967592371131162e-01
-8.089066999696398197e-02
-5.431115255155041788e-02
4.677248751641164826e-01
5.355132155382420489e-01
6.279857199507088428e-01
7.215656846845301953e-01
8.033799732981820041e-01
8.481911461260144280e-01
8.523233419630320551e-01
7.978957080910489275e-01
6.868770713309660936e-01
5.230593403934227226e-01
3.221548065130421246e-01
9.234455785319102550e-02
-8.598128268802840424e-02
-1.962468993226561265e-01
-2.509204310951284600e-01
-2.701661942573677644e-01
-2.744819561097393001e-01
-2.683431097355191142e-01
-2.509203280303458627e-01
-2.255838167406893358e-01
-1.930301602048729859e-01
-1.527037606340043707e-01
-1.146976813102845438e-01
-8.089132028586082379e-02
-5.431158916017034266e-02
4.677248960062257988e-01
5.355132426166209214e-01
6.279857561161551471e-01
7.215657304982451281e-01
8.033800279772432829e-01
8.481912059124875336e-01
8.523234023608290411e-01
7.978957624383389291e-01
6.868771132585401729e-01
5.230593641803951144e-01
3.221548083786908712e-01
9.234453494205278890e-02
-8.598132499656921390e-02
-1.962469542786527965e-01
-2.509204930827722002e-01
-2.701662590432161171e-01
-2.744820213635341122e-01
-2.683431733618712456e-01
-2.509203874727859440e-01
-2.255838701666053603e-01
-1.930302059164049899e-01
-1.527037967943009056e-01
-1.146977084702770072e-01
-8.089133944046317248e-02
-5.431160202076236454e-02
4.677246505797015286e-01
5.355129896137043044e-01
6.279854978268533117e-01
7.215654707974663573e-01
8.033797707871158655e-01
8.481909522887115527e-01
8.523231502877751664e-01
7.978955073651566865e-01
6.868768513849986546e-01
5.230590938896483300e-01
3.221545306044378831e-01
9.234425120648598329e-02
-8.598161484975104518e-02
-1.962472536020709590e-01
-2.509208037233821575e-01
-2.701665764793547142e-01
-2.744823389346632836e-01
-2.683434823676597025e-01
-2.509206759557769395e-01
-2.255841293951750537e-01
-1.930304276962966636e-01
-1.527039722283116407e-01
-1.146978402369862315e-01
-8.089143236837600948e-02
-5.431166441317897275e-02
4.677250150665485107e-01
5.355133574201573765e-01
6.279858612329609624e-01
7.215658227858998686e-01
8.033801061710661440e-01
8.481912747029692889e-01
8.523234693452330646e-01
7.978958398207700586e-01
6.868772123735402690e-01
5.230594941208396298e-01
3.221549739412677971e-01
9.234473925481335999e-02
-8.598108946841347133e-02
-1.962466950781635855e-01
-2.509202170562623846e-01
-2.701659749329964333e-01
-2.744817365078936477e-01
-2.683428960012049225e-01
-2.509201284738066251e-01
-2.255836374159676250e-01
-1.930300067842408429e-01
-1.527036392735454384e-01
-1.146975901575220669e-01
-8.089125600070611044e-02
-5.431154599866417493e-02
4.677240517214077964e-01
5.355124007046303536e-01
6.279849399380339481e-01
7.215649579103897704e-01
8.033793101848699658e-01
8.481905278964059214e-01
8.523227334570966374e-01
7.978950511556056613e-01
6.868763124995374003e-01
5.230584385978914730e-01
3.221537423652686138e-01
9.234331987319654989e-02
-8.598266237529758604e-02
-1.962483926289150804e-01
-2.509220110028916872e-01
-2.701678175016585248e-01
-2.744835827238484849e-01
-2.683446932840005128e-01
-2.509218066612878828e-01
-2.255851454963164193e-01
-1.930312970278934281e-01
-1.527046598997523486e-01
-1.146983567418724814e-01
-8.089179663193182823e-02
-5.431190898247547499e-02
