0.000000000000000000e+00
4.028343798001762788e-01
3.862487794610938163e-01
3.351545690409533651e-01
3.104554503027084911e-01
3.776741839706282966e-01
5.134745976731982520e-01
6.530357663275052627e-01
7.439620270621127851e-01
7.655486954363672769e-01
6.958664578177187199e-01
5.350035244011990265e-01
3.178665136211077380e-01
1.505123251506282900e-01
4.028345394428662352e-01
3.862489325309340638e-01
3.351547018622308971e-01
3.104555733357604597e-01
3.776743336423685204e-01
5.134748011624487019e-01
6.530360251246477565e-01
7.439623218932026605e-01
7.655489988222229369e-01
6.958667335886030703e-01
5.350037364223324543e-01
3.178666395911535769e-01
1.505123847984480012e-01
4.028344317283473197e-01
3.862488292512649135e-01
3.351546122447230935e-01
3.104554903225889562e-01
3.776742326554740070e-01
5.134746638636678018e-01
6.530358505083863063e-01
7.439621229640251965e-01
7.655487941209523362e-01
6.958665475197756134e-01
5.350035933668979560e-01
3.178665545963261785e-01
1.505123445527204729e-01
4.028344236085571461e-01
3.862488214657848196e-01
3.351546054891309523e-01
3.104554840648481862e-01
3.776742250428289926e-01
5.134746535137418855e-01
6.530358373453751808e-01
7.439621079682456894e-01
7.655487786900578850e-01
6.958665334934414082e-01
5.350035825830210534e-01
3.178665481892032352e-01
1.505123415188967528e-01
2.452009820758921377e-01
2.298247557245712280e-01
1.400520125821960449e-01
6.623928026844587424e-02
1.046553790064777695e-01
2.434572889078301106e-01
4.255832354297036102e-01
5.999918863790248968e-01
7.220388412362859221e-01
7.136930339851006444e-01
5.583578872726523423e-01
3.326869046435497745e-01
1.576269809951999223e-01
4.028341242228650754e-01
3.862485344064772175e-01
3.351543564029366706e-01
3.104552533349887455e-01
3.776739443561433207e-01
5.134742719004647959e-01
6.530353520105213194e-01
7.439615550571797575e-01
7.655482097358239368e-01
6.958660163269048127e-01
5.350031849694893982e-01
3.178663119514565372e-01
1.505122296584426866e-01
2.679190088369333700e-01
2.562155008014225244e-01
2.147596699094143635e-01
1.908452588846829279e-01
2.352330554994688794e-01
3.327033368927571622e-01
4.379019909614635386e-01
5.135422466483458015e-01
5.417721664346019095e-01
4.997673886429574996e-01
3.854656181724350206e-01
2.291405287960152637e-01
1.085122315627084777e-01
4.028347391161207769e-01
3.862491239831902234e-01
3.351548679885769655e-01
3.104557272194736761e-01
3.776745208444477475e-01
5.134750556768327145e-01
6.530363488154331542e-01
7.439626906534839712e-01
7.655493782823863391e-01
6.958670785093132860e-01
5.350040016079776750e-01
3.178667971483147281e-01
1.505124594030183283e-01
4.028345777301081121e-01
3.862489692418037968e-01
3.351547337168706564e-01
3.104556028428818171e-01
3.776743695382690502e-01
5.134748499654483433e-01
6.530360871921860877e-01
7.439623926027932876e-01
7.655490715835103765e-01
6.958667997269684102e-01
5.350037872715408538e-01
3.178666698026565984e-01
1.505123991038352371e-01
4.028344343313273179e-01
3.862488317470743615e-01
3.351546144103789704e-01
3.104554923286474422e-01
3.776742350958772754e-01
5.134746671815675345e-01
6.530358547280832315e-01
7.439621277712570313e-01
7.655487990676699273e-01
6.958665520162301554e-01
5.350035968239102990e-01
3.178665566502724138e-01
1.505123455252803666e-01
4.028343896307563510e-01
3.862487888869267638e-01
3.351545772199072681e-01
3.104554578789167629e-01
3.776741931872108493e-01
5.134746102037900384e-01
6.530357822638819254e-01
7.439620452174110499e-01
7.655487141184563749e-01
6.958664747993154043e-01
5.350035374571725511e-01
3.178665213781721177e-01
1.505123288236600576e-01
4.028343998490955813e-01
3.862487986845539178e-01
3.351545857214733304e-01
3.104554657539623785e-01
3.776742027673338775e-01
5.134746232286405698e-01
6.530357988288557625e-01
7.439620640888300329e-01
7.655487335374450142e-01
6.958664924507370619e-01
5.350035510281282436e-01
3.178665294412075237e-01
1.505123326415715168e-01
4.028343966650371200e-01
3.862487956315903137e-01
3.351545830723653974e-01
3.104554633000796704e-01
3.776741997821450592e-01
5.134746191700666484e-01
6.530357936671711272e-01
7.439620582084516265e-01
7.655487274864425373e-01
6.958664869505126749e-01
5.350035467993865534e-01
3.178665269287467843e-01
1.505123314519013489e-01
4.028341451220265323e-01
3.862485544451730313e-01
3.351543737908503906e-01
3.104552694415051994e-01
3.776739639499867018e-01
5.134742985396719694e-01
6.530353858902013808e-01
7.439615936541398300e-01
7.655482494527064974e-01
6.958660524286531812e-01
5.350032127256234560e-01
3.178663284424610991e-01
1.505122374670646579e-01
4.028344635668015261e-01
3.862488597788581446e-01
3.351546387340296751e-01
3.104555148597737957e-01
3.776742625053646774e-01
5.134747044466921873e-01
6.530359021217796434e-01
7.439621817638747414e-01
7.655488546269276773e-01
6.958666025183394277e-01
5.350036356514844549e-01
3.178665797192524178e-01
1.505123564486260945e-01
4.028344142076044077e-01
3.862488124518905219e-01
3.351545976676230665e-01
3.104554768197441139e-01
3.776742162290401272e-01
5.134746415307764877e-01
6.530358221054683998e-01
7.439620906063911798e-01
7.655487608244350151e-01
6.958665172539940658e-01
5.350035700976346620e-01
3.178665407711470103e-01
1.505123380063880523e-01
4.028344284129806718e-01
3.862488260723994093e-01
3.351546094863679937e-01
3.104554877675099744e-01
3.776742295471782196e-01
5.134746596377212091e-01
6.530358451338375003e-01
7.439621168411444385e-01
7.655487878204110253e-01
6.958665417927261121e-01
5.350035889637662079e-01
3.178665519802534312e-01
1.505123433139891886e-01
4.028344748819952525e-01
3.862488706281798079e-01
3.351546481481688100e-01
3.104555235801406132e-01
3.776742731138350018e-01
5.134747188696531239e-01
6.530359204648670257e-01
7.439622026609850058e-01
7.655488761303848033e-01
6.958666220644957878e-01
5.350036506791703284e-01
3.178665886477882729e-01
1.505123606763588973e-01
4.028342123105483896e-01
3.862486188673918130e-01
3.351544296910942689e-01
3.104553212221968228e-01
3.776740269420534868e-01
5.134743841818141252e-01
6.530354948096731560e-01
7.439617177391519842e-01
7.655483771381470515e-01
6.958661684918321377e-01
5.350033019585632710e-01
3.178663814592398440e-01
1.505122625709315320e-01
4.028350214093669446e-01
3.862493946537864375e-01
3.351551028540104560e-01
3.104559447765672386e-01
3.776747855062460579e-01
5.134754155031491241e-01
6.530368064416824936e-01
7.439632119979028291e-01
7.655499147540411053e-01
6.958675661499197362e-01
5.350043765210664715e-01
3.178670198988406415e-01
1.505125648771659663e-01
