0.000000000000000000e+00
4.759828920703826904e-01
6.418196093680029746e-01
8.239014146283252238e-01
8.748963981227495523e-01
7.028039862169308538e-01
3.236503981245928974e-01
-1.004144831502617741e-01
-2.724041735905213257e-01
-2.971255895752499820e-01
-2.715497541436061035e-01
-2.088944835554378820e-01
-1.241236558445404786e-01
-5.877490677945057529e-02
4.759826303999521446e-01
6.418193584711344712e-01
8.239011969208882569e-01
8.748961964591989160e-01
7.028037408898901717e-01
3.236500645852383728e-01
-1.004149073448158680e-01
-2.724046568483405872e-01
-2.971260868551912071e-01
-2.715502061598309980e-01
-2.088948310794069563e-01
-1.241238623221194437e-01
-5.877500454822825321e-02
4.759825359403695999e-01
6.418192679006660128e-01
8.239011183313678099e-01
8.748961236613104209e-01
7.028036523300562610e-01
3.236499441819198353e-01
-1.004150604734686814e-01
-2.724048312980549835e-01
-2.971262663667071369e-01
-2.715503693317408707e-01
-2.088949565309873579e-01
-1.241239368578087726e-01
-5.877503984147061655e-02
4.759826883027962197e-01
6.418194139899878747e-01
8.239012450955319755e-01
8.748962410836262915e-01
7.028037951762433622e-01
3.236501383913509278e-01
-1.004148134783783008e-01
-2.724045499122908498e-01
-2.971259768163042603e-01
-2.715501061369703373e-01
-2.088947541787569417e-01
-1.241238166324362679e-01
-5.877498291379947698e-02
4.759808528327924559e-01
6.418176540904254601e-01
8.238997180010511068e-01
8.748948265279301584e-01
7.028020743458707198e-01
3.236477988015119545e-01
-1.004177889631447662e-01
-2.724079396924414809e-01
-2.971294649537061239e-01
-2.715532767750142851e-01
-2.088971918627536839e-01
-1.241252649558173410e-01
-5.877566870645240665e-02
4.759825989614484554e-01
6.418193283270249294e-01
8.239011707643367766e-01
8.748961722302469601e-01
7.028037114149698894e-01
3.236500245120125796e-01
-1.004149583098486176e-01
-2.724047149095540910e-01
-2.971261466010984842e-01
-2.715502604675100184e-01
-2.088948728328200999e-01
-1.241238871294548379e-01
-5.877501629469907701e-02
4.759824218670130058e-01
6.418191585239669816e-01
8.239010234233644647e-01
8.748960357475248362e-01
7.028035453814838185e-01
3.236497987778187424e-01
-1.004152453980569903e-01
-2.724050419708521908e-01
-2.971264831523483529e-01
-2.715505663849879792e-01
-2.088951080315813724e-01
-1.241240268702356458e-01
-5.877508246307146939e-02
4.759823511964128562e-01
6.418190907630348940e-01
8.239009646260628816e-01
8.748959812832732830e-01
7.028034791248221058e-01
3.236497086972303094e-01
-1.004153599623341109e-01
-2.724051724866313196e-01
-2.971266174551498440e-01
-2.715506884631984641e-01
-2.088952018890623541e-01
-1.241240826346351467e-01
-5.877510886795862810e-02
4.759812661690787650e-01
6.418180504087243055e-01
8.239000618931116016e-01
8.748951450769649751e-01
7.028024618660340117e-01
3.236483256624105298e-01
-1.004171189027129596e-01
-2.724071763352981512e-01
-2.971286794471291737e-01
-2.715525627672933373e-01
-2.088966429116685120e-01
-1.241249388025125050e-01
-5.877551427026563025e-02
4.759823806370487853e-01
6.418191189915334327e-01
8.239009891204063241e-01
8.748960039725133253e-01
7.028035067266572566e-01
3.236497462238652201e-01
-1.004153122360494643e-01
-2.724051181151171397e-01
-2.971265615060015297e-01
-2.715506376066874616e-01
-2.088951627890133222e-01
-1.241240594037671258e-01
-5.877509786795765551e-02
4.759822659143010393e-01
6.418190089921800290e-01
8.239008936721153864e-01
8.748959155582564096e-01
7.028033991692532734e-01
3.236495999920148692e-01
-1.004154982133673435e-01
-2.724053299872219447e-01
-2.971267795257492850e-01
-2.715508357817094653e-01
-2.088953151520623608e-01
-1.241241499286122874e-01
-5.877514073219262253e-02
4.759825539047590204e-01
6.418192851254209685e-01
8.239011332775777463e-01
8.748961375060637646e-01
7.028036691724273144e-01
3.236499670803070217e-01
-1.004150313513544612e-01
-2.724047981210863667e-01
-2.971262322270816214e-01
-2.715503382995930748e-01
-2.088949326725181854e-01
-1.241239226825592845e-01
-5.877503312937713137e-02
4.759815070021183869e-01
6.418182813261241737e-01
8.239002622640273499e-01
8.748953306816042996e-01
7.028026876571438208e-01
3.236486326412940095e-01
-1.004167284877025279e-01
-2.724067315603599937e-01
-2.971282217666814662e-01
-2.715521467461128879e-01
-2.088963230617960631e-01
-1.241247487671964661e-01
-5.877542428703037142e-02
4.759826429088044319e-01
6.418193704649690634e-01
8.239012073281404280e-01
8.748962060994917023e-01
7.028037526174656380e-01
3.236500805297014560e-01
-1.004148870666857485e-01
-2.724046337467593837e-01
-2.971260630832986971e-01
-2.715501845517180879e-01
-2.088948144664255491e-01
-1.241238524516975472e-01
-5.877499987450489349e-02
4.759809250501911837e-01
6.418177233344709576e-01
8.238997780852751474e-01
8.748948821842648105e-01
7.028021420527211793e-01
3.236478908537339660e-01
-1.004176718913488420e-01
-2.724078063200059963e-01
-2.971293277113600251e-01
-2.715531520248242181e-01
-2.088970959509726111e-01
-1.241252079708778794e-01
-5.877564172362984007e-02
4.759846911527328972e-01
6.418213343780735380e-01
8.239029114486067229e-01
8.748977846352945509e-01
7.028056729323469698e-01
3.236526913327506527e-01
-1.004115666536065932e-01
-2.724008510117662540e-01
-2.971221705891473053e-01
-2.715466463625299531e-01
-2.088920941978102408e-01
-1.241222362337449092e-01
-5.877423458243550419e-02
4.759825606092950023e-01
6.418192915539161492e-01
8.239011388556911619e-01
8.748961426730997859e-01
7.028036754582119849e-01
3.236499756262730676e-01
-1.004150204826153303e-01
-2.724047857390246019e-01
-2.971262194857441363e-01
-2.715503267180052749e-01
-2.088949237682374838e-01
-1.241239173921779571e-01
-5.877503062433945408e-02
4.759825606972579171e-01
6.418192916382574609e-01
8.239011389288755094e-01
8.748961427408907809e-01
7.028036755406810165e-01
3.236499757383954345e-01
-1.004150203400183961e-01
-2.724047855765729942e-01
-2.971262193185788547e-01
-2.715503265660558774e-01
-2.088949236514140995e-01
-1.241239173227686177e-01
-5.877503059147357045e-02
4.759825765639831285e-01
6.418193068517137334e-01
8.239011521298477136e-01
8.748961549690211781e-01
7.028036904164035592e-01
3.236499959629858258e-01
-1.004149946184327014e-01
-2.724047562736097716e-01
-2.971261891653661502e-01
-2.715502991574671454e-01
-2.088949025788484903e-01
-1.241239048027334146e-01
-5.877502466313721391e-02
4.759825889916444730e-01
6.418193187677002642e-01
8.239011624695498082e-01
8.748961645467419057e-01
7.028037020678591373e-01
3.236500118039585261e-01
-1.004149744719214088e-01
-2.724047333219735689e-01
-2.971261655477693830e-01
-2.715502776896055459e-01
-2.088948860736965785e-01
-1.241238949963772709e-01
-5.877502001974949791e-02
