0.000000000000000000e+00
3.050173978027242994e-01
2.981902434054669038e-01
3.601427200377311233e-01
4.455721516961073658e-01
5.060799960373205675e-01
5.188610320471173099e-01
4.616583985027324921e-01
3.219558939887680049e-01
1.433632370016504620e-01
2.710608938785570229e-02
3.481256091270221696e-03
3.688528820099532175e-04
0.000000000000000000e+00
4.568885037158476048e-01
4.517335805241829982e-01
5.455118667741485350e-01
6.695022092163316341e-01
7.522037433378854221e-01
7.610421263371982548e-01
6.680281474054704516e-01
4.632545668440531395e-01
2.060993991714112628e-01
3.896315037970125850e-02
5.004068499537443933e-03
5.302114775908489718e-04
0.000000000000000000e+00
4.568887630206905359e-01
4.517338369033743750e-01
5.455121763767490917e-01
6.695025891890465930e-01
7.522041702474528968e-01
7.610425582629469776e-01
6.680285265415888407e-01
4.632548297619241695e-01
2.060995161421205202e-01
3.896317249304730862e-02
5.004071339572125320e-03
5.302117785097882610e-04
0.000000000000000000e+00
4.568888844085572387e-01
4.517339569216615724e-01
5.455123213104062785e-01
6.695027670649271734e-01
7.522043700957901091e-01
7.610427604594991458e-01
6.680287040258351405e-01
4.632549528411506468e-01
2.060995708993888509e-01
3.896318284492455292e-02
5.004072669071981880e-03
5.302119193783801174e-04
0.000000000000000000e+00
4.568890122966849932e-01
4.517340833668695432e-01
5.455124740051900956e-01
6.695029544659744092e-01
7.522045806459082273e-01
7.610429734835781890e-01
6.680288910142762049e-01
4.632550825112096149e-01
2.060996285888821999e-01
3.896319375113977551e-02
5.004074069765906442e-03
5.302120677904164671e-04
0.000000000000000000e+00
4.568890218657774005e-01
4.517340928279970358e-01
5.455124854304140847e-01
6.695029684880573484e-01
7.522045964000957374e-01
7.610429894228770697e-01
6.680289050054863953e-01
4.632550922136331462e-01
2.060996329054368692e-01
3.896319456718566610e-02
5.004074174571332065e-03
5.302120788951884085e-04
0.000000000000000000e+00
4.568890068155979645e-01
4.517340779476238244e-01
5.455124674609282964e-01
6.695029464342558967e-01
7.522045716220563394e-01
7.610429643536961164e-01
6.680288830002413247e-01
4.632550769537517876e-01
2.060996261163998977e-01
3.896319328371628671e-02
5.004074009734334715e-03
5.302120614297065482e-04
0.000000000000000000e+00
4.568889850580397649e-01
4.517340564355489807e-01
5.455124414830231361e-01
6.695029145517874536e-01
7.522045358012453553e-01
7.610429281119911460e-01
6.680288511879693969e-01
4.632550548930343126e-01
2.060996163017084770e-01
3.896319142824606480e-02
5.004073771434813973e-03
5.302120361804235236e-04
0.000000000000000000e+00
4.434120564329343539e-01
4.348138860930820249e-01
5.251319932255520406e-01
6.482832044636459567e-01
7.341697303473949665e-01
7.500538326978164472e-01
6.649794844904117763e-01
4.630642102389115888e-01
2.061493982071838926e-01
3.897603094416377673e-02
5.005722121419265910e-03
5.303788694750314388e-04
0.000000000000000000e+00
4.568889342424236055e-01
4.517340061932687556e-01
5.455123808106240313e-01
6.695028400890530307e-01
7.522044521403601358e-01
7.610428434680917009e-01
6.680287768891817191e-01
4.632550033693779157e-01
2.060995933791182066e-01
3.896318709472382236e-02
5.004073214877093057e-03
5.302119772097496934e-04
0.000000000000000000e+00
4.568889780361881647e-01
4.517340494929226735e-01
5.455124330991322212e-01
6.695029042623074078e-01
7.522045242407376930e-01
7.610429164156476967e-01
6.680288409211440070e-01
4.632550477733436423e-01
2.060996131341973903e-01
3.896319082942718837e-02
5.004073694528027479e-03
5.302120280316820764e-04
0.000000000000000000e+00
4.568891430384997010e-01
4.517342126335672226e-01
5.455126301071949735e-01
6.695031460486757791e-01
7.522047958942272849e-01
7.610431912610617911e-01
6.680290821751645458e-01
4.632552150747174524e-01
2.060996875656549432e-01
3.896320490071553816e-02
5.004075501714820053e-03
5.302122195141087792e-04
0.000000000000000000e+00
4.568889537810366108e-01
4.517340255114340453e-01
5.455124041391717915e-01
6.695028687199870987e-01
7.522044843079846999e-01
7.610428760136853654e-01
6.680288054570782119e-01
4.632550231802325391e-01
2.060996021928580557e-01
3.896318876096385719e-02
5.004073428873631428e-03
5.302119998839838200e-04
0.000000000000000000e+00
2.223312196591629986e-01
1.523131842575720096e-01
1.849147062142412201e-01
2.981669917551425519e-01
4.440209988434926647e-01
5.855158467498129404e-01
6.378210326875046743e-01
4.784302522009642455e-01
2.153800317252370367e-01
4.078202915420288399e-02
5.237656548083113005e-03
5.548147249311758972e-04
0.000000000000000000e+00
4.568889521170561574e-01
4.517340238662276852e-01
5.455124021524264677e-01
6.695028662816708831e-01
7.522044815684708619e-01
7.610428732419823872e-01
6.680288030241305908e-01
4.632550214930669652e-01
2.060996014422473988e-01
3.896318861906070130e-02
5.004073410648895472e-03
5.302119979529622881e-04
0.000000000000000000e+00
4.568888591784148190e-01
4.517339319761826122e-01
5.455122911863344859e-01
6.695027300939025983e-01
7.522043285578494665e-01
7.610427184334882522e-01
6.680286671362106743e-01
4.632549272594636558e-01
2.060995595182375517e-01
3.896318069331464184e-02
5.004072392739003679e-03
5.302118900992212674e-04
0.000000000000000000e+00
3.547086984505221641e-01
3.453323287163005406e-01
4.171002560670035164e-01
5.175736048679908663e-01
5.901869340825430799e-01
6.079704257064622031e-01
5.435255285891577026e-01
3.797919850214849791e-01
1.691686905347103698e-01
3.198651392213243405e-02
4.108052555653496363e-03
4.352614528226014020e-04
0.000000000000000000e+00
4.568889616885673521e-01
4.517340333297467092e-01
5.455124135805383689e-01
6.695028803072983203e-01
7.522044973266406309e-01
7.610428891853102673e-01
6.680288170188773966e-01
4.632550311979429791e-01
2.060996057598931674e-01
3.896318943531286438e-02
5.004073515480812924e-03
5.302120090605412289e-04
0.000000000000000000e+00
4.568888732923719886e-01
4.517339459308966076e-01
5.455123080379975509e-01
6.695027507758095631e-01
7.522043517945282698e-01
7.610427419431977647e-01
6.680286877725817307e-01
4.632549415700778495e-01
2.060995658849507917e-01
3.896318189694360223e-02
5.004072547322031481e-03
5.302119064782328042e-04
0.000000000000000000e+00
4.568888583353347688e-01
4.517339311426147308e-01
5.455122901797209156e-01
6.695027288584940450e-01
7.522043271698347633e-01
7.610427170291644838e-01
6.680286659035221675e-01
4.632549264046365023e-01
2.060995591379296832e-01
3.896318062141732735e-02
5.004072383505174700e-03
5.302118891208410217e-04
0.000000000000000000e+00
