0.000000000000000000e+00
2.480788029639325321e-01
2.556605151126334352e-01
4.219154974098650035e-01
6.047840116420319934e-01
6.546017229958436268e-01
5.490395242066905546e-01
3.075091644977121508e-01
-3.772700963907260618e-02
-3.914418793848030154e-01
-5.491642533321440256e-01
-4.547298077212825751e-01
-2.733561530577836018e-01
-1.297634754730688234e-01
2.480797986384622456e-01
2.556614697929961988e-01
4.219163258020893759e-01
6.047847789861315881e-01
6.546026564826172844e-01
5.490407933475687230e-01
3.075107785880484279e-01
-3.772517080882731300e-02
-3.914399871993899938e-01
-5.491625333783791696e-01
-4.547284853679550709e-01
-2.733553673959648878e-01
-1.297631034559419694e-01
2.480802556008935289e-01
2.556619079412530970e-01
4.219167059907087958e-01
6.047851311568610555e-01
6.546030849041273303e-01
5.490413758167231872e-01
3.075115193709270223e-01
-3.772432688210780594e-02
-3.914391187854446841e-01
-5.491617440097344982e-01
-4.547278784770750759e-01
-2.733550068183623893e-01
-1.297629327195761462e-01
2.480796155844678386e-01
2.556612942757477969e-01
4.219161735028177374e-01
6.047846379105107362e-01
6.546024848617937320e-01
5.490405600169969702e-01
3.075104818387848216e-01
-3.772550887634984473e-02
-3.914403350762190037e-01
-5.491628495905523932e-01
-4.547287284815946240e-01
-2.733555118392843597e-01
-1.297631718510038334e-01
2.480828934299972865e-01
2.556644371649808845e-01
4.219189006407207954e-01
6.047871640727771059e-01
6.546055579799227031e-01
5.490447381370852087e-01
3.075157955619289840e-01
-3.771945529024411936e-02
-3.914341058403475460e-01
-5.491571873559661920e-01
-4.547243751815819301e-01
-2.733529253735235698e-01
-1.297619471388718471e-01
2.480799524949813262e-01
2.556616173148952287e-01
4.219164538093248540e-01
6.047848975599110499e-01
6.546028007295787710e-01
5.490409894614511899e-01
3.075110280052154588e-01
-3.772488666374562705e-02
-3.914396948096057205e-01
-5.491622676026751693e-01
-4.547282810314235979e-01
-2.733552459916415711e-01
-1.297630459700281902e-01
2.480794187024759623e-01
2.556611054998317312e-01
4.219160096987770725e-01
6.047844861779612113e-01
6.546023002766407917e-01
5.490403090605081582e-01
3.075101626729218607e-01
-3.772587248167535989e-02
-3.914407092318511472e-01
-5.491631896895637910e-01
-4.547289899601694718e-01
-2.733556671939300631e-01
-1.297632454126655677e-01
2.480799528414120436e-01
2.556616176470626334e-01
4.219164540975521294e-01
6.047848978268974829e-01
6.546028010543720743e-01
5.490409899030307406e-01
3.075110285668151144e-01
-3.772488602395085433e-02
-3.914396941512467976e-01
-5.491622670042417553e-01
-4.547282805713296350e-01
-2.733552457182817363e-01
-1.297630458405901466e-01
2.480800894814713664e-01
2.556617486613423917e-01
4.219165677808485171e-01
6.047850031323362963e-01
6.546029291601780375e-01
5.490411640718777520e-01
3.075112500743386601e-01
-3.772463367454725880e-02
-3.914394344797181846e-01
-5.491620309686925383e-01
-4.547280990999434391e-01
-2.733551378990352609e-01
-1.297629947873184530e-01
2.480806811377870846e-01
2.556623159578326754e-01
4.219170600335644394e-01
6.047854591086312404e-01
6.546034838628733699e-01
5.490419182291789157e-01
3.075122092097921644e-01
-3.772354099265595728e-02
-3.914383100927657511e-01
-5.491610089263710970e-01
-4.547273133223880826e-01
-2.733546710378640943e-01
-1.297627737248366053e-01
2.480795692339106684e-01
2.556612498335475991e-01
4.219161349395724736e-01
6.047846021891725155e-01
6.546024414061958341e-01
5.490405009360574962e-01
3.075104066997869090e-01
-3.772559447742107608e-02
-3.914404231610755236e-01
-5.491629296576957531e-01
-4.547287900396757010e-01
-2.733555484133474156e-01
-1.297631891691139183e-01
2.480799739444312646e-01
2.556616378812228696e-01
4.219164716550736771e-01
6.047849140905225962e-01
6.546028208393406267e-01
5.490410168020860571e-01
3.075110627769694904e-01
-3.772484705050238585e-02
-3.914396540469518015e-01
-5.491622305503442991e-01
-4.547282525444525936e-01
-2.733552290664181261e-01
-1.297630379558001590e-01
2.480798403203982039e-01
2.556615097587928154e-01
4.219163604810839407e-01
6.047848111094678014e-01
6.546026955611863318e-01
5.490408464776300734e-01
3.075108461587333641e-01
-3.772509382985256288e-02
-3.914399079868071674e-01
-5.491624613759321649e-01
-4.547284300102603094e-01
-2.733553345057938011e-01
-1.297630878821840750e-01
2.480799823313261099e-01
2.556616459228104321e-01
4.219164786328944983e-01
6.047849205541149242e-01
6.546028287024076020e-01
5.490410274924781842e-01
3.075110763729846930e-01
-3.772483156142891758e-02
-3.914396381084500609e-01
-5.491622160626065119e-01
-4.547282414058344546e-01
-2.733552224485295556e-01
-1.297630348221772145e-01
2.480797631126221980e-01
2.556614357298351847e-01
4.219162962449109489e-01
6.047847516071609419e-01
6.546026231756471025e-01
5.490407480644019511e-01
3.075107209970250333e-01
-3.772523641860980881e-02
-3.914400547128940033e-01
-5.491625947466280966e-01
-4.547285325497513742e-01
-2.733553954285150023e-01
-1.297631167295776322e-01
2.480795002324132081e-01
2.556611836729975606e-01
4.219160775309491740e-01
6.047845490112611078e-01
6.546023767143881456e-01
5.490404129829979940e-01
3.075102948412962167e-01
-3.772572191067025127e-02
-3.914405542919049408e-01
-5.491630488526553222e-01
-4.547288816804248013e-01
-2.733556028606997645e-01
-1.297632149503687993e-01
2.480799554612465596e-01
2.556616201590325987e-01
4.219164562772307892e-01
6.047848998459454117e-01
6.546028035105772025e-01
5.490409932424141770e-01
3.075110328138350724e-01
-3.772488118559180759e-02
-3.914396891724988281e-01
-5.491622624786723916e-01
-4.547282770919327533e-01
-2.733552436510359729e-01
-1.297630448617328458e-01
2.480800964476564952e-01
2.556617553407140031e-01
4.219165735766516878e-01
6.047850085010195720e-01
6.546029356912699271e-01
5.490411729513560157e-01
3.075112613672379425e-01
-3.772462080926686223e-02
-3.914394212411412832e-01
-5.491620189351252845e-01
-4.547280898481670386e-01
-2.733551324021931683e-01
-1.297629921845199485e-01
2.480800701533741881e-01
2.556617301290265987e-01
4.219165517000461052e-01
6.047849882366039820e-01
6.546029110392735939e-01
5.490411394352344709e-01
3.075112187415146581e-01
-3.772466937003660092e-02
-3.914394712109415808e-01
-5.491620643565441329e-01
-4.547281247695501571e-01
-2.733551531503523591e-01
-1.297630020089385328e-01
2.480799901697394172e-01
2.556616534384985595e-01
4.219164851543836803e-01
6.047849265950049347e-01
6.546028360512499145e-01
5.490410374837458862e-01
3.075110890798550267e-01
-3.772481708530139866e-02
-3.914396232122858699e-01
-5.491622025223299453e-01
-4.547282309956535706e-01
-2.733552162634340643e-01
-1.297630318934852589e-01
