1.249354831703685109e+00 0.000000000000000000e+00 3.683120863796447431e+00 2.426155815005366090e-01 0.000000000000000000e+00
9.027939879425843639e-01 0.000000000000000000e+00 2.661409370051111889e+00 3.357561877095647795e-01 0.000000000000000000e+00
3.031355076474373869e-02 0.000000000000000000e+00 8.936347635021002489e-02 9.999437794614262742e+00 0.000000000000000000e+00
3.031192139106000938e-02 0.000000000000000000e+00 8.935862979890757396e-02 9.999999919543755666e+00 0.000000000000000000e+00
1.340018172444374933e+00 0.000000000000000000e+00 3.950332897953379607e+00 2.262048914633893182e-01 0.000000000000000000e+00
3.530970152582194044e-02 0.000000000000000000e+00 1.040919134716666583e-01 8.584575480566817518e+00 0.000000000000000000e+00
3.896084796224448810e-01 0.000000000000000000e+00 1.148554808250498604e+00 7.780077746115006132e-01 0.000000000000000000e+00
2.490452109314608142e-01 0.000000000000000000e+00 7.341777360400251196e-01 1.217123086401549870e+00 0.000000000000000000e+00
2.887008477953778574e+00 0.000000000000000000e+00 8.510815072791453773e+00 1.049940140072188888e-01 0.000000000000000000e+00
5.570286269155658859e-02 0.000000000000000000e+00 1.642103821172997413e-01 5.441713260346936032e+00 0.000000000000000000e+00
1.333903073986307808e-01 0.000000000000000000e+00 3.932299731252155706e-01 2.272420457535773153e+00 0.000000000000000000e+00
2.222751828973505983e+00 2.488909664642577346e-01 9.875708964863710193e+00 2.745570563551103516e-01 2.360517408493878477e+00
2.722672094564059786e-01 0.000000000000000000e+00 8.026356205732079196e-01 1.113312976347868410e+00 0.000000000000000000e+00
3.402287661569658450e+00 3.260750459337133922e+00 6.616496976979791889e+00 1.273364249254877345e+00 0.000000000000000000e+00
0.000000000000000000e+00 0.000000000000000000e+00 0.000000000000000000e+00 0.000000000000000000e+00 1.000000000000000000e+01
2.586525245635885373e+00 0.000000000000000000e+00 7.625002010607983216e+00 1.171913391131578636e-01 0.000000000000000000e+00
1.346631623206260286e+00 0.000000000000000000e+00 3.969832870080203246e+00 2.250939309040730918e-01 0.000000000000000000e+00
1.603959786997342540e+00 4.693446305711645117e+00 2.177321097721928389e+00 4.596137191224418217e+00 0.000000000000000000e+00
3.220678020924497176e+00 0.000000000000000000e+00 9.494463116105315237e+00 9.411639038482952357e-02 0.000000000000000000e+00
1.110799569756585559e+00 0.000000000000000000e+00 3.274604157146420391e+00 2.728832535776340440e-01 0.000000000000000000e+00
