9.151099968749996927e-02
1.338683826215277817e-01
1.762257655555556080e-01
2.720607337500000056e-01
3.678957019444444310e-01
4.854033735416668494e-01
6.029110451388892677e-01
6.416740878472224630e-01
6.804371305555555471e-01
6.788377423611109407e-01
6.772383541666664453e-01
6.200413852256945191e-01
5.628444162847224819e-01
3.751862286979167904e-01
1.875280411111110990e-01
-1.840832209375000694e-01
-5.556944829861112378e-01
-6.834914327256944588e-01
-8.112883824652777909e-01
-6.941323693576387788e-01
-5.769763562499997667e-01
-4.710941048611112514e-01
-3.652118534722227361e-01
-2.514614213715280489e-01
-1.377109892708334171e-01
