0.000000000000000000e+00
4.028290435138792147e-01
3.861811414760513705e-01
3.343929580706507809e-01
3.089982569799470946e-01
3.761865106325067987e-01
5.126498142715184558e-01
6.533596556639623687e-01
7.456943556147785923e-01
7.685701465906809027e-01
6.992921921597808899e-01
5.377515705347153396e-01
3.195104194737876657e-01
1.512918770713421457e-01
-6.544188081804688806e-02
-6.454503397870552106e-02
-7.621636461933975482e-02
-9.221188986181186320e-02
-1.039825380396516147e-01
-1.069334348219204700e-01
-9.652718279778442489e-02
-7.077003468305048672e-02
-3.720528430964088057e-02
-1.428821346126625882e-02
-7.700829066116501344e-03
-4.253808779171114329e-03
-1.981165816530355058e-03
4.028344339536020224e-01
3.862488313849009036e-01
3.351546140961149667e-01
3.104554920375430238e-01
3.776742347417439416e-01
5.134746667000983367e-01
6.530358541157519348e-01
7.439621270736670455e-01
7.655487983498386884e-01
6.958665513637377620e-01
5.350035963222541380e-01
3.178665563522188875e-01
1.505123453841496484e-01
4.028344550776321586e-01
3.862488516392070248e-01
3.351546316711174200e-01
3.104555083173607399e-01
3.776742545464111811e-01
5.134746936259354522e-01
6.530358883599671760e-01
7.439621660859188079e-01
7.655488384940630775e-01
6.958665878539301852e-01
5.350036243770358579e-01
3.178665730206616802e-01
1.505123532767900230e-01
5.249409874990453861e-01
5.033279826095887755e-01
4.367461648244801986e-01
4.045602829063530970e-01
4.921542674306543796e-01
6.691183172894762388e-01
8.509830770109618747e-01
9.694707818669804356e-01
9.976007717124761864e-01
9.067965492803656824e-01
6.971730629196712936e-01
4.142177776283980650e-01
1.961354158365051503e-01
4.028343788179993279e-01
3.862487785193552958e-01
3.351545682237909718e-01
3.104554495457666485e-01
3.776741830497960528e-01
5.134745964212621416e-01
6.530357647352958983e-01
7.439620252482100904e-01
7.655486935698326834e-01
6.958664561210810007e-01
5.350035230967717936e-01
3.178665128460965161e-01
1.505123247836543110e-01
4.028343713141231963e-01
3.862487713244306953e-01
3.351545619806337584e-01
3.104554437626970698e-01
3.776741760145963522e-01
5.134745868564136728e-01
6.530357525707445321e-01
7.439620113899121367e-01
7.655486793094248288e-01
6.958664431586926158e-01
5.350035131308891190e-01
3.178665069249759223e-01
1.505123219799565648e-01
4.028344035852090554e-01
3.862488022668431609e-01
3.351545888298860243e-01
3.104554686333015345e-01
3.776742062700975122e-01
5.134746279908939393e-01
6.530358048854781883e-01
7.439620709887538874e-01
7.655487406375759418e-01
6.958664989045955096e-01
5.350035559900530036e-01
3.178665323892810868e-01
1.505123340375078000e-01
3.218418743418450245e-01
3.083193251205663676e-01
2.644803824194628117e-01
2.417241521522490444e-01
2.952995794845156841e-01
4.066838349060453717e-01
5.231831783285791904e-01
6.019516097116809350e-01
6.247993288593542971e-01
5.708793610334761404e-01
4.394058446475151425e-01
2.611167781460002613e-01
1.236458665838101323e-01
4.028362052778141078e-01
3.862505297796984816e-01
3.351560878218759476e-01
3.104568571575115898e-01
3.776758954327372741e-01
5.134769245262243986e-01
6.530387256136236385e-01
7.439653983881761024e-01
7.655521645842212619e-01
6.958696111946929275e-01
5.350059488143548148e-01
3.178679540597632580e-01
1.505130072098009031e-01
