0.000000000000000000e+00
2.354138990787909558e-01
2.435170538965015230e-01
4.113784116584570105e-01
5.950234533683004257e-01
6.427278426128932853e-01
5.328961492787148702e-01
2.869780588403444410e-01
-6.111678975568179961e-02
-4.155103331545794143e-01
-5.710419337067113021e-01
-4.715500409350273370e-01
-2.833497113169205495e-01
-1.344955048805574205e-01
2.354139701157031417e-01
2.435171220086637112e-01
4.113784707605269708e-01
5.950235081148604888e-01
6.427279092129878357e-01
5.328962398262244715e-01
2.869781739984508251e-01
-6.111665856339087988e-02
-4.155101981556366120e-01
-5.710418109957241528e-01
-4.715499465910480970e-01
-2.833496552634734433e-01
-1.344954783388039310e-01
2.354140460122141065e-01
2.435171947803441150e-01
4.113785339057391965e-01
5.950235666066046036e-01
6.427279803691610116e-01
5.328963365680430275e-01
2.869782970344644246e-01
-6.111651839630238836e-02
-4.155100539214851008e-01
-5.710416798901410962e-01
-4.715498457930454856e-01
-2.833495953754386898e-01
-1.344954499813426074e-01
2.354138949168367856e-01
2.435170499059043370e-01
4.113784081957486682e-01
5.950234501607754023e-01
6.427278387108860125e-01
5.328961439736618066e-01
2.869780520933906676e-01
-6.111679744205633646e-02
-4.155103410639803263e-01
-5.710419408961779908e-01
-4.715500464625103083e-01
-2.833497146010143242e-01
-1.344955064356019858e-01
2.354139073095336543e-01
2.435170617883659627e-01
4.113784185063606436e-01
5.950234597115497959e-01
6.427278503295608125e-01
5.328961597700668795e-01
2.869780721832209114e-01
-6.111677455499320288e-02
-4.155103175128304072e-01
-5.710419194887150773e-01
-4.715500300037946402e-01
-2.833497048222478054e-01
-1.344955018052781670e-01
2.354139249832619685e-01
2.435170787344270171e-01
4.113784332107431330e-01
5.950234733322969927e-01
6.427278668994249600e-01
5.328961822979616514e-01
2.869781008341436568e-01
-6.111674191482285856e-02
-4.155102839255787606e-01
-5.710418889586627023e-01
-4.715500065313517619e-01
-2.833496908763517008e-01
-1.344954952017853311e-01
2.354138488879059521e-01
2.435170057720885128e-01
4.113783699000935767e-01
5.950234146873074614e-01
6.427277955568262424e-01
5.328960853026846189e-01
2.869779774757819091e-01
-6.111688244914204038e-02
-4.155104285376164386e-01
-5.710420204077357731e-01
-4.715501075934401265e-01
-2.833497509212901111e-01
-1.344955236335417526e-01
2.354138960816028470e-01
2.435170510227144258e-01
4.113784091648235441e-01
5.950234510584344605e-01
6.427278398029032669e-01
5.328961454583360791e-01
2.869780539815957043e-01
-6.111679529094460328e-02
-4.155103388504525208e-01
-5.710419388841311283e-01
-4.715500449155867746e-01
-2.833497136819265738e-01
-1.344955060004066338e-01
2.354143093756492222e-01
2.435174473005123907e-01
4.113787530217408173e-01
5.950237695749160949e-01
6.427282272834649035e-01
5.328966722653933896e-01
2.869787239735523965e-01
-6.111603201181059486e-02
-4.155095534241484145e-01
-5.710412249493763692e-01
-4.715494960206003117e-01
-2.833493875619521596e-01
-1.344953515800020594e-01
2.354139135275214456e-01
2.435170677503452064e-01
4.113784236796703686e-01
5.950234645036139858e-01
6.427278561591860395e-01
5.328961676958521299e-01
2.869780822632156392e-01
-6.111676307149760401e-02
-4.155103056961316765e-01
-5.710419087476030775e-01
-4.715500217456976562e-01
-2.833496999157894547e-01
-1.344954994820310723e-01
2.354139141621064413e-01
2.435170683588028240e-01
4.113784242076393149e-01
5.950234649926744446e-01
6.427278567541362397e-01
5.328961685047286512e-01
2.869780832919427427e-01
-6.111676189953418881e-02
-4.155103044901630183e-01
-5.710419076514047232e-01
-4.715500209029065415e-01
-2.833496994150543347e-01
-1.344954992449290121e-01
2.354138686958224813e-01
2.435170247644684038e-01
4.113783863801013796e-01
5.950234299528258664e-01
6.427278141275816203e-01
5.328961105509317786e-01
2.869780095864423730e-01
-6.111684586751331416e-02
-4.155103908945416702e-01
-5.710419861910317474e-01
-4.715500812865862090e-01
-2.833497352913595391e-01
-1.344955162326451903e-01
2.354138392855848472e-01
2.435169965651166057e-01
4.113783619110490397e-01
5.950234072870133062e-01
6.427277865542462276e-01
5.328960730630440956e-01
2.869779619094364742e-01
-6.111690018288729043e-02
-4.155104467859208617e-01
-5.710420369950318653e-01
-4.715501203462633129e-01
-2.833497584982410111e-01
-1.344955272212883524e-01
2.354139282515357867e-01
2.435170818681385851e-01
4.113784359299174631e-01
5.950234758510826172e-01
6.427278699635692316e-01
5.328961864638812607e-01
2.869781061323500859e-01
-6.111673587891397474e-02
-4.155102777145329718e-01
-5.710418833129623506e-01
-4.715500021907639283e-01
-2.833496882974387288e-01
-1.344954939806495275e-01
2.354133813186989888e-01
2.435165574537607736e-01
4.113779808867324972e-01
5.950230543421731744e-01
6.427273571910175898e-01
5.328954893135573467e-01
2.869772194982341817e-01
-6.111774596465213705e-02
-4.155113171087373436e-01
-5.710428280987971394e-01
-4.715507285711573737e-01
-2.833501198684334477e-01
-1.344956983329518296e-01
2.354137670956396033e-01
2.435169273473942742e-01
4.113783018496660060e-01
5.950233516518363963e-01
6.427277188731344015e-01
5.328959810458158142e-01
2.869778448821455052e-01
-6.111703350462127649e-02
-4.155105839760943054e-01
-5.710421616977980896e-01
-4.715502162215834958e-01
-2.833498154615176623e-01
-1.344955541938533949e-01
2.354138607149675044e-01
2.435170171122032490e-01
4.113783797401021070e-01
5.950234238021594457e-01
6.427278066451942440e-01
5.328961003781002015e-01
2.869779966486595280e-01
-6.111686060670462606e-02
-4.155104060614028816e-01
-5.710419999773655997e-01
-4.715500918859436008e-01
-2.833497415888522331e-01
-1.344955192145581291e-01
2.373960055127216084e-01
2.452126693478098862e-01
4.105462496469026168e-01
5.917892602146433978e-01
6.397274272349930957e-01
5.327421174773866452e-01
2.912809927427574275e-01
-5.174704761139903297e-02
-4.018089729395393217e-01
-5.563616233974578718e-01
-4.598890138647301340e-01
-2.763847884749000561e-01
-1.311937918308587470e-01
2.354139933899053183e-01
2.435171443246145206e-01
4.113784901244531556e-01
5.950235260517677816e-01
6.427279310335318740e-01
5.328962694927877886e-01
2.869782117283150580e-01
-6.111661558016123763e-02
-4.155101539252132881e-01
-5.710417707912692764e-01
-4.715499156806272074e-01
-2.833496368983837721e-01
-1.344954696427877183e-01
2.354177909549843850e-01
2.435207855353707651e-01
4.113816496643318277e-01
5.950264527502715506e-01
6.427314914106104782e-01
5.329011100756647634e-01
2.869843679700510020e-01
-6.110960216632221886e-02
-4.155029370114197151e-01
-5.710352107797797006e-01
-4.715448721421327538e-01
-2.833466403349511054e-01
-1.344940507461427903e-01
