2.126975314534883255e-01
1.754305117732557484e-01
1.381634920930231436e-01
5.430765261627901186e-02
-2.954818686046511642e-02
7.110389505813928882e-03
4.376896587209297418e-02
1.758104707267441613e-01
3.078519755813953207e-01
3.358689206976743780e-01
3.638858658139534352e-01
5.319137189534882681e-01
6.999415720930231011e-01
7.799756813953486745e-01
8.600097906976743589e-01
9.025439651162787680e-01
9.450781395348830660e-01
8.959150523255808851e-01
8.467519651162787042e-01
7.567198151162788378e-01
6.666876651162789713e-01
5.613403119767442773e-01
4.559929588372095277e-01
3.260555715988372461e-01
1.961181843604649921e-01
