1.809609094453914491e+00 0.000000000000000000e+00 5.334674118021390576e+00 1.675050030970707537e-01
3.651840818962153623e+00 4.092311905146269191e-01 5.322772703644190528e+00 7.412740550173885223e-01
2.501349407853289408e-01 0.000000000000000000e+00 7.373861856021104444e-01 1.211826549834166267e+00
3.035142256455993642e-02 0.000000000000000000e+00 8.947509873356897236e-02 9.986968914493612459e+00
2.470336792446112373e+00 0.000000000000000000e+00 7.282496994659727996e+00 1.227029121874406992e-01
8.015982180623734688e-02 0.000000000000000000e+00 2.363094788547158154e-01 3.781410549570486168e+00
8.867788216424487002e-01 0.000000000000000000e+00 2.614198287069354976e+00 3.418197459873933419e-01
1.589904477457118603e-01 0.000000000000000000e+00 4.686993171082576848e-01 1.906520200928900177e+00
3.767880495935935908e-02 0.000000000000000000e+00 1.110758597106007717e-01 8.044853758685036382e+00
3.077019242782688679e-01 0.000000000000000000e+00 9.070962268196605116e-01 9.851045131554492240e-01
2.113726683999107347e+00 0.000000000000000000e+00 6.231204605253143569e+00 1.434047995638374207e-01
3.010144149314970985e+00 0.000000000000000000e+00 8.873809531329856171e+00 1.006990850601250376e-01
3.113718624975661875e+00 0.000000000000000000e+00 9.179145289404027963e+00 9.734947276740367472e-02
3.765721956030714246e-01 0.000000000000000000e+00 1.110123621532393079e+00 8.049415581675405384e-01
3.032500755356907704e-02 0.000000000000000000e+00 8.939721476002164546e-02 9.995670557080631013e+00
3.031185856777036253e-02 0.000000000000000000e+00 8.935845856874612136e-02 1.000000000000000000e+01
3.775190837060183463e-02 2.287214461109296215e-01 1.048651396148493620e-01 8.573776215037938186e+00
3.919147878287717462e-02 0.000000000000000000e+00 1.155353470435705604e-01 7.734295932508818971e+00
1.898307871865482499e-01 0.000000000000000000e+00 5.596154989904253974e-01 1.596783243626553217e+00
2.258994253064471880e-01 0.000000000000000000e+00 6.659448072966366317e-01 1.341829847532726383e+00
