0.000000000000000000e+00
2.761348505444448653e-01
3.348568787927789780e-01
6.058159225246114721e-01
9.710974315641952570e-01
1.112291730174714388e+00
8.748529573990850849e-01
3.583913992697480011e-01
-2.054982281643759345e-01
-5.217826594796989292e-01
-5.134542354486260063e-01
-3.162713755606318955e-01
-1.297893038714849068e-01
-3.393698799850487779e-02
2.761333670495244030e-01
3.348549606869832829e-01
6.058132117521443094e-01
9.710942207935094883e-01
1.112289027250295881e+00
8.748512642427320740e-01
3.583899460951821547e-01
-2.055000952201001263e-01
-5.217848151144884872e-01
-5.134561092210314648e-01
-3.162725078969871872e-01
-1.297897671181436341e-01
-3.393710905381452925e-02
9.730609105242815637e-02
6.066274080343242447e-02
1.303269552398577391e-01
3.677974548023942303e-01
6.501142099731466173e-01
7.286078265735702608e-01
4.043131480316885518e-01
-1.156653157133435972e-01
-4.324307479164097856e-01
-4.400712786864123816e-01
-2.723748007503624669e-01
-1.118610478175606215e-01
-2.925353306044773880e-02
2.761332697989865581e-01
3.348567519698424366e-01
6.058177829633297762e-01
9.710985197080876929e-01
1.112287735139863010e+00
8.748429605679366450e-01
3.583802655831591633e-01
-2.055066861343788909e-01
-5.217888489063022828e-01
-5.134588134093198697e-01
-3.162740610634102723e-01
-1.297903971078546159e-01
-3.393727340435331169e-02
2.761389060973874487e-01
3.348661040362370112e-01
6.058267834310013811e-01
9.710980975976286622e-01
1.112272318389013970e+00
8.748214789563091287e-01
3.583764074822581858e-01
-2.054807767922876283e-01
-5.217450989799308214e-01
-5.134178415775738635e-01
-3.162490068521087161e-01
-1.297801275472395544e-01
-3.393458875910483619e-02
2.802275174695061932e-01
3.290174315458038734e-01
5.812393396400674650e-01
9.415605174389247711e-01
1.109114671748578029e+00
9.137555535474131130e-01
4.187160408709085235e-01
-1.447746308860835274e-01
-4.654599878705268923e-01
-4.677015222368819947e-01
-2.889480543265450785e-01
-1.186329319619397055e-01
-3.102272935932779904e-02
-3.627261616161620017e-02
-5.057159595959601073e-02
-8.250590909090910197e-02
-1.065702727272727079e-01
-9.116805050505039087e-02
-4.692437373737368134e-02
-1.612019191919189520e-02
-4.602896969696956830e-03
-1.066316464646471784e-03
-1.532376969696977453e-04
-1.728811010100997532e-05
-2.041683838383830758e-06
-2.755820202020156163e-07
5.916173286213757820e-02
1.224334935755333059e-01
3.236003018801177356e-01
5.132484331818635281e-01
4.693425676626388210e-01
1.739290345620320144e-01
-1.867108785984314123e-01
-4.893824326436829741e-01
-6.376647317921302349e-01
-5.680237367042051400e-01
-3.446086330191873714e-01
-1.410718071546242514e-01
-3.686940678738774568e-02
2.239165387421524211e-01
2.499167803662006027e-01
4.610227153469549366e-01
8.001626747827910169e-01
1.003562667363373961e+00
8.712220255402941538e-01
3.952741114785144894e-01
-1.874487898763191607e-01
-5.237707809890063126e-01
-5.204594877421468979e-01
-3.210399997465876454e-01
-1.317760189889500833e-01
-3.445799245315884357e-02
2.239165203721888431e-01
2.499167519492833667e-01
4.610226503732648418e-01
8.001625699541565773e-01
1.003562560819010407e+00
8.712219654195076934e-01
3.952741197310488674e-01
-1.874487174532736000e-01
-5.237706751684299000e-01
-5.204593912766781738e-01
-3.210399410069829651e-01
-1.317759949284320609e-01
-3.445798616415552545e-02
2.873925767312669466e-01
3.841459453115193545e-01
7.137663166683757554e-01
1.080809138369692057e+00
1.117707525646972622e+00
7.432444378007565522e-01
1.955538520472292485e-01
-3.139034285498049637e-01
-5.842368992458589760e-01
-5.536417561031411472e-01
-3.391327293408309962e-01
-1.390467065502977717e-01
-3.635123851711384579e-02
2.761361007901038667e-01
3.348590058088164456e-01
6.058194854414441499e-01
9.711013758002864371e-01
1.112293763710894723e+00
8.748522436006650471e-01
3.583900694396527364e-01
-2.054984324648545246e-01
-5.217819645356329694e-01
-5.134534222175106688e-01
-3.162708629936556992e-01
-1.297890927628102542e-01
-3.393693275923261032e-02
2.809015570062093903e-01
3.437389723138263298e-01
6.219582082432293380e-01
9.897086938388119925e-01
1.122055652573975770e+00
8.707479142132998895e-01
3.493634157125040107e-01
-2.114745339499168597e-01
-5.246959224673229949e-01
-5.150747027006210566e-01
-3.171582885642475480e-01
-1.301459638860097412e-01
-3.402987319769056052e-02
2.761311643837233709e-01
3.348491906967936971e-01
6.058051744544870054e-01
9.710913722146103932e-01
1.112299031060523191e+00
8.748708421088347009e-01
3.584019240611591717e-01
-2.055059777020304124e-01
-5.218020803278042852e-01
-5.134733852538347909e-01
-3.162831757233114938e-01
-1.297941466411741962e-01
-3.393825428928606835e-02
2.761372554125863243e-01
3.348618254701875574e-01
6.058254436910160967e-01
9.711085265087655571e-01
1.112297240364667150e+00
8.748495633744639566e-01
3.583844838491666018e-01
-2.055037143271256639e-01
-5.217864624787504901e-01
-5.134569589055236749e-01
-3.162729623473907736e-01
-1.297899490856403437e-01
-3.393715640285926982e-02
2.239160930156494644e-01
2.499158363921878401e-01
4.610204339829412357e-01
8.001593296947853151e-01
1.003559945847328549e+00
8.712214325923259839e-01
3.952755950388443518e-01
-1.874458745780824831e-01
-5.237672350616977557e-01
-5.204563790689500369e-01
-3.210381187026304373e-01
-1.317752492778371254e-01
-3.445779130440435045e-02
2.239166270933871383e-01
2.499168884696556237e-01
4.610228470814585755e-01
8.001628120111394793e-01
1.003562776468832851e+00
8.712221093580552189e-01
3.952742308184117315e-01
-1.874485996203445193e-01
-5.237705501570200095e-01
-5.204592849524772857e-01
-3.210398769886818049e-01
-1.317759687537762014e-01
-3.445797932501548644e-02
2.761351737620557634e-01
3.348560913686736695e-01
6.058134588582012592e-01
9.710951094450226417e-01
1.112292758975393481e+00
8.748582738721094598e-01
3.583977526885013809e-01
-2.054934793467488585e-01
-5.217793185044588000e-01
-5.134518135205208278e-01
-3.162699606850806755e-01
-1.297887282969154565e-01
-3.393683775692118293e-02
2.937234342051065483e-01
3.295731513835645776e-01
5.951623025346722828e-01
1.015820932622211625e+00
1.262319385269250027e+00
1.093979054438963150e+00
5.118294551102153811e-01
-1.958651774451231620e-01
-6.044014098410764868e-01
-6.056288481911996646e-01
-3.740184922334165440e-01
-1.535509069145213623e-01
-4.015337097901671565e-02
2.774622412041801711e-01
2.471792064462259852e-01
3.312996818569483581e-01
6.124577345508778192e-01
9.548273586503976951e-01
1.093206759755101620e+00
8.148324075122300725e-01
3.209033434771352278e-01
5.634765375734610005e-03
-7.441972964350156150e-02
-5.294187375669108520e-02
-2.219216774413127272e-02
-5.826583709394679914e-03
