0.000000000000000000e+00
3.500000000000000000e+02
3.622033898305084563e+02
3.744067796610169694e+02
3.866101694915254257e+02
3.998305084745762770e+02
4.120338983050847332e+02
4.242372881355931895e+02
4.374576271186440408e+02
4.496610169491525539e+02
4.618644067796610102e+02
4.740677966101694665e+02
4.872881355932203178e+02
4.994915254237288309e+02
5.116949152542372872e+02
5.249152542372880816e+02
5.371186440677965948e+02
5.493220338983051079e+02
5.615254237288136210e+02
5.747457627118643586e+02
5.869491525423728717e+02
5.991525423728813848e+02
6.123728813559321225e+02
6.245762711864406356e+02
6.367796610169491487e+02
6.500000000000000000e+02
3.500000000000000000e+02
3.622033898305084563e+02
3.744067796610169694e+02
3.866101694915254257e+02
3.998305084745762770e+02
4.120338983050847332e+02
4.242372881355931895e+02
4.374576271186440408e+02
4.496610169491525539e+02
4.618644067796610102e+02
4.740677966101694665e+02
4.872881355932203178e+02
4.994915254237288309e+02
5.116949152542372872e+02
5.249152542372880816e+02
5.371186440677965948e+02
5.493220338983051079e+02
5.615254237288136210e+02
5.747457627118643586e+02
5.869491525423728717e+02
5.991525423728813848e+02
6.123728813559321225e+02
6.245762711864406356e+02
6.367796610169491487e+02
6.500000000000000000e+02
3.500000000000000000e+02
3.622033898305084563e+02
3.744067796610169694e+02
3.866101694915254257e+02
3.998305084745762770e+02
4.120338983050847332e+02
4.242372881355931895e+02
4.374576271186440408e+02
4.496610169491525539e+02
4.618644067796610102e+02
4.740677966101694665e+02
4.872881355932203178e+02
4.994915254237288309e+02
5.116949152542372872e+02
5.249152542372880816e+02
5.371186440677965948e+02
5.493220338983051079e+02
5.615254237288136210e+02
5.747457627118643586e+02
5.869491525423728717e+02
5.991525423728813848e+02
6.123728813559321225e+02
6.245762711864406356e+02
6.367796610169491487e+02
6.500000000000000000e+02
3.500000000000000000e+02
3.622033898305084563e+02
3.744067796610169694e+02
3.866101694915254257e+02
3.998305084745762770e+02
4.120338983050847332e+02
4.242372881355931895e+02
4.374576271186440408e+02
4.496610169491525539e+02
4.618644067796610102e+02
4.740677966101694665e+02
4.872881355932203178e+02
4.994915254237288309e+02
5.116949152542372872e+02
5.249152542372880816e+02
5.371186440677965948e+02
5.493220338983051079e+02
5.615254237288136210e+02
5.747457627118643586e+02
5.869491525423728717e+02
5.991525423728813848e+02
6.123728813559321225e+02
6.245762711864406356e+02
6.367796610169491487e+02
6.500000000000000000e+02
3.500000000000000000e+02
3.622033898305084563e+02
3.744067796610169694e+02
3.866101694915254257e+02
3.998305084745762770e+02
4.120338983050847332e+02
4.242372881355931895e+02
4.374576271186440408e+02
4.496610169491525539e+02
4.618644067796610102e+02
4.740677966101694665e+02
4.872881355932203178e+02
4.994915254237288309e+02
5.116949152542372872e+02
5.249152542372880816e+02
5.371186440677965948e+02
5.493220338983051079e+02
5.615254237288136210e+02
5.747457627118643586e+02
5.869491525423728717e+02
5.991525423728813848e+02
6.123728813559321225e+02
6.245762711864406356e+02
6.367796610169491487e+02
6.500000000000000000e+02
3.500000000000000000e+02
3.622033898305084563e+02
3.744067796610169694e+02
3.866101694915254257e+02
3.998305084745762770e+02
4.120338983050847332e+02
4.242372881355931895e+02
4.374576271186440408e+02
4.496610169491525539e+02
4.618644067796610102e+02
4.740677966101694665e+02
4.872881355932203178e+02
4.994915254237288309e+02
5.116949152542372872e+02
5.249152542372880816e+02
5.371186440677965948e+02
5.493220338983051079e+02
5.615254237288136210e+02
5.747457627118643586e+02
5.869491525423728717e+02
5.991525423728813848e+02
6.123728813559321225e+02
6.245762711864406356e+02
6.367796610169491487e+02
6.500000000000000000e+02
3.500000000000000000e+02
3.622033898305084563e+02
3.744067796610169694e+02
3.866101694915254257e+02
3.998305084745762770e+02
4.120338983050847332e+02
4.242372881355931895e+02
4.374576271186440408e+02
4.496610169491525539e+02
4.618644067796610102e+02
4.740677966101694665e+02
4.872881355932203178e+02
4.994915254237288309e+02
5.116949152542372872e+02
5.249152542372880816e+02
5.371186440677965948e+02
5.493220338983051079e+02
5.615254237288136210e+02
5.747457627118643586e+02
5.869491525423728717e+02
5.991525423728813848e+02
6.123728813559321225e+02
6.245762711864406356e+02
6.367796610169491487e+02
6.500000000000000000e+02
3.500000000000000000e+02
3.622033898305084563e+02
3.744067796610169694e+02
3.866101694915254257e+02
3.998305084745762770e+02
4.120338983050847332e+02
4.242372881355931895e+02
4.374576271186440408e+02
4.496610169491525539e+02
4.618644067796610102e+02
4.740677966101694665e+02
4.872881355932203178e+02
4.994915254237288309e+02
5.116949152542372872e+02
5.249152542372880816e+02
5.371186440677965948e+02
5.493220338983051079e+02
5.615254237288136210e+02
5.747457627118643586e+02
5.869491525423728717e+02
5.991525423728813848e+02
6.123728813559321225e+02
6.245762711864406356e+02
6.367796610169491487e+02
6.500000000000000000e+02
3.500000000000000000e+02
3.622033898305084563e+02
3.744067796610169694e+02
3.866101694915254257e+02
3.998305084745762770e+02
4.120338983050847332e+02
4.242372881355931895e+02
4.374576271186440408e+02
4.496610169491525539e+02
4.618644067796610102e+02
4.740677966101694665e+02
4.872881355932203178e+02
4.994915254237288309e+02
5.116949152542372872e+02
5.249152542372880816e+02
5.371186440677965948e+02
5.493220338983051079e+02
5.615254237288136210e+02
5.747457627118643586e+02
5.869491525423728717e+02
5.991525423728813848e+02
6.123728813559321225e+02
6.245762711864406356e+02
6.367796610169491487e+02
6.500000000000000000e+02
3.500000000000000000e+02
3.622033898305084563e+02
3.744067796610169694e+02
3.866101694915254257e+02
3.998305084745762770e+02
4.120338983050847332e+02
4.242372881355931895e+02
4.374576271186440408e+02
4.496610169491525539e+02
4.618644067796610102e+02
4.740677966101694665e+02
4.872881355932203178e+02
4.994915254237288309e+02
5.116949152542372872e+02
5.249152542372880816e+02
5.371186440677965948e+02
5.493220338983051079e+02
5.615254237288136210e+02
5.747457627118643586e+02
5.869491525423728717e+02
5.991525423728813848e+02
6.123728813559321225e+02
6.245762711864406356e+02
6.367796610169491487e+02
6.500000000000000000e+02
3.500000000000000000e+02
3.622033898305084563e+02
3.744067796610169694e+02
3.866101694915254257e+02
3.998305084745762770e+02
4.120338983050847332e+02
4.242372881355931895e+02
4.374576271186440408e+02
4.496610169491525539e+02
4.618644067796610102e+02
4.740677966101694665e+02
4.872881355932203178e+02
4.994915254237288309e+02
5.116949152542372872e+02
5.249152542372880816e+02
5.371186440677965948e+02
5.493220338983051079e+02
5.615254237288136210e+02
5.747457627118643586e+02
5.869491525423728717e+02
5.991525423728813848e+02
6.123728813559321225e+02
6.245762711864406356e+02
6.367796610169491487e+02
6.500000000000000000e+02
3.500000000000000000e+02
3.622033898305084563e+02
3.744067796610169694e+02
3.866101694915254257e+02
3.998305084745762770e+02
4.120338983050847332e+02
4.242372881355931895e+02
4.374576271186440408e+02
4.496610169491525539e+02
4.618644067796610102e+02
4.740677966101694665e+02
4.872881355932203178e+02
4.994915254237288309e+02
5.116949152542372872e+02
5.249152542372880816e+02
5.371186440677965948e+02
5.493220338983051079e+02
5.615254237288136210e+02
5.747457627118643586e+02
5.869491525423728717e+02
5.991525423728813848e+02
6.123728813559321225e+02
6.245762711864406356e+02
6.367796610169491487e+02
6.500000000000000000e+02
3.500000000000000000e+02
3.622033898305084563e+02
3.744067796610169694e+02
3.866101694915254257e+02
3.998305084745762770e+02
4.120338983050847332e+02
4.242372881355931895e+02
4.374576271186440408e+02
4.496610169491525539e+02
4.618644067796610102e+02
4.740677966101694665e+02
4.872881355932203178e+02
4.994915254237288309e+02
5.116949152542372872e+02
5.249152542372880816e+02
5.371186440677965948e+02
5.493220338983051079e+02
5.615254237288136210e+02
5.747457627118643586e+02
5.869491525423728717e+02
5.991525423728813848e+02
6.123728813559321225e+02
6.245762711864406356e+02
6.367796610169491487e+02
6.500000000000000000e+02
3.500000000000000000e+02
3.622033898305084563e+02
3.744067796610169694e+02
3.866101694915254257e+02
3.998305084745762770e+02
4.120338983050847332e+02
4.242372881355931895e+02
4.374576271186440408e+02
4.496610169491525539e+02
4.618644067796610102e+02
4.740677966101694665e+02
4.872881355932203178e+02
4.994915254237288309e+02
5.116949152542372872e+02
5.249152542372880816e+02
5.371186440677965948e+02
5.493220338983051079e+02
5.615254237288136210e+02
5.747457627118643586e+02
5.869491525423728717e+02
5.991525423728813848e+02
6.123728813559321225e+02
6.245762711864406356e+02
6.367796610169491487e+02
6.500000000000000000e+02
3.500000000000000000e+02
3.622033898305084563e+02
3.744067796610169694e+02
3.866101694915254257e+02
3.998305084745762770e+02
4.120338983050847332e+02
4.242372881355931895e+02
4.374576271186440408e+02
4.496610169491525539e+02
4.618644067796610102e+02
4.740677966101694665e+02
4.872881355932203178e+02
4.994915254237288309e+02
5.116949152542372872e+02
5.249152542372880816e+02
5.371186440677965948e+02
5.493220338983051079e+02
5.615254237288136210e+02
5.747457627118643586e+02
5.869491525423728717e+02
5.991525423728813848e+02
6.123728813559321225e+02
6.245762711864406356e+02
6.367796610169491487e+02
6.500000000000000000e+02
3.500000000000000000e+02
3.622033898305084563e+02
3.744067796610169694e+02
3.866101694915254257e+02
3.998305084745762770e+02
4.120338983050847332e+02
4.242372881355931895e+02
4.374576271186440408e+02
4.496610169491525539e+02
4.618644067796610102e+02
4.740677966101694665e+02
4.872881355932203178e+02
4.994915254237288309e+02
5.116949152542372872e+02
5.249152542372880816e+02
5.371186440677965948e+02
5.493220338983051079e+02
5.615254237288136210e+02
5.747457627118643586e+02
5.869491525423728717e+02
5.991525423728813848e+02
6.123728813559321225e+02
6.245762711864406356e+02
6.367796610169491487e+02
6.500000000000000000e+02
3.500000000000000000e+02
3.622033898305084563e+02
3.744067796610169694e+02
3.866101694915254257e+02
3.998305084745762770e+02
4.120338983050847332e+02
4.242372881355931895e+02
4.374576271186440408e+02
4.496610169491525539e+02
4.618644067796610102e+02
4.740677966101694665e+02
4.872881355932203178e+02
4.994915254237288309e+02
5.116949152542372872e+02
5.249152542372880816e+02
5.371186440677965948e+02
5.493220338983051079e+02
5.615254237288136210e+02
5.747457627118643586e+02
5.869491525423728717e+02
5.991525423728813848e+02
6.123728813559321225e+02
6.245762711864406356e+02
6.367796610169491487e+02
6.500000000000000000e+02
3.500000000000000000e+02
3.622033898305084563e+02
3.744067796610169694e+02
3.866101694915254257e+02
3.998305084745762770e+02
4.120338983050847332e+02
4.242372881355931895e+02
4.374576271186440408e+02
4.496610169491525539e+02
4.618644067796610102e+02
4.740677966101694665e+02
4.872881355932203178e+02
4.994915254237288309e+02
5.116949152542372872e+02
5.249152542372880816e+02
5.371186440677965948e+02
5.493220338983051079e+02
5.615254237288136210e+02
5.747457627118643586e+02
5.869491525423728717e+02
5.991525423728813848e+02
6.123728813559321225e+02
6.245762711864406356e+02
6.367796610169491487e+02
6.500000000000000000e+02
3.500000000000000000e+02
3.622033898305084563e+02
3.744067796610169694e+02
3.866101694915254257e+02
3.998305084745762770e+02
4.120338983050847332e+02
4.242372881355931895e+02
4.374576271186440408e+02
4.496610169491525539e+02
4.618644067796610102e+02
4.740677966101694665e+02
4.872881355932203178e+02
4.994915254237288309e+02
5.116949152542372872e+02
5.249152542372880816e+02
5.371186440677965948e+02
5.493220338983051079e+02
5.615254237288136210e+02
5.747457627118643586e+02
5.869491525423728717e+02
5.991525423728813848e+02
6.123728813559321225e+02
6.245762711864406356e+02
6.367796610169491487e+02
6.500000000000000000e+02
3.500000000000000000e+02
3.622033898305084563e+02
3.744067796610169694e+02
3.866101694915254257e+02
3.998305084745762770e+02
4.120338983050847332e+02
4.242372881355931895e+02
4.374576271186440408e+02
4.496610169491525539e+02
4.618644067796610102e+02
4.740677966101694665e+02
4.872881355932203178e+02
4.994915254237288309e+02
5.116949152542372872e+02
5.249152542372880816e+02
5.371186440677965948e+02
5.493220338983051079e+02
5.615254237288136210e+02
5.747457627118643586e+02
5.869491525423728717e+02
5.991525423728813848e+02
6.123728813559321225e+02
6.245762711864406356e+02
6.367796610169491487e+02
6.500000000000000000e+02
