0.000000000000000000e+00
4.863525074024156458e-01
4.674288663020904067e-01
4.080071043902993577e-01
3.795651826436523546e-01
4.593815931931741203e-01
6.194832051162755260e-01
7.831995587056072017e-01
8.895446801851881746e-01
9.135925723986806357e-01
8.295107871301342639e-01
6.375986757940036442e-01
3.788071591901088220e-01
1.793666483877995044e-01
4.871405167255928870e-01
4.681777987092033966e-01
4.079793281127061522e-01
3.787571227998274281e-01
4.585893293425203909e-01
6.195021075798560206e-01
7.845501864105045575e-01
8.925170389712734353e-01
9.179959988758712441e-01
8.342533812185644049e-01
6.413694103676194080e-01
3.810596874915772592e-01
1.804344909205492231e-01
4.903459707196972661e-01
4.710671449759456508e-01
4.082825857543881942e-01
3.766684037889725389e-01
4.569233878502027002e-01
6.209796525712857340e-01
7.907343237774576705e-01
9.038632046055730118e-01
9.335889642339214589e-01
8.505757341173314501e-01
6.542798863349241767e-01
3.887656836682244488e-01
1.840869772406150406e-01
-4.983991371247251806e-02
-8.335507536169328713e-02
-9.662446365635848911e-02
-7.957659642580872106e-02
-3.462785164414286521e-02
3.087314408178815084e-02
8.477286254961645395e-02
6.935723583606419329e-02
2.044531881183078714e-02
-1.094073705713460853e-02
-1.340323921050670664e-02
-8.452163790127406595e-03
-4.052355650014091704e-03
4.871442704836431714e-01
4.681827411082250534e-01
4.079875943073636435e-01
3.787679699490684726e-01
4.585993624294797955e-01
6.195078877052032640e-01
7.845498266194993464e-01
8.925111161984573549e-01
9.179856704328662742e-01
8.342417188040416320e-01
6.413600623037046811e-01
3.810540960791831133e-01
1.804318395012440845e-01
4.108174963996346629e-01
3.906081142839654130e-01
2.799304086590557183e-01
1.940989714350546680e-01
2.569916519717854175e-01
4.478117975317399413e-01
6.848835568525719619e-01
8.990370913126938257e-01
1.034600900167297777e+00
1.000552347559241939e+00
7.793677298057376523e-01
4.640428849455144333e-01
2.198297459109305185e-01
5.316203026498049766e-01
5.104152553442956597e-01
4.482422046857635345e-01
4.207035220674429921e-01
5.093000036069083025e-01
6.830918274803239321e-01
8.583249752072961147e-01
9.679272073614290095e-01
9.871719640906738702e-01
8.924794580102926034e-01
6.853522942952854358e-01
4.071149670948771560e-01
1.927639946065828891e-01
3.217941682698438610e-01
4.201345675930575063e-01
5.076002567134656474e-01
5.168889292428693327e-01
4.159396285844852992e-01
2.135745925867045258e-01
-1.997122784507865401e-03
-5.969499074784899439e-02
-3.609217950529613333e-02
-1.417486229626859807e-02
-7.686253181886482100e-03
-4.252042943548900618e-03
-1.981165816530378043e-03
4.773529745151329218e-01
4.577839015897118835e-01
3.946505188824168120e-01
3.624744819794081252e-01
4.415093600134016305e-01
6.043098125206295412e-01
7.736096582252232068e-01
8.870192453550888034e-01
9.181778978485335418e-01
8.375905303376340871e-01
6.444680085103601241e-01
3.829528570738151005e-01
1.813362842915512696e-01
4.871379361677757869e-01
4.681769150884891872e-01
4.079815983346979369e-01
3.787610539445264157e-01
4.585908116870576201e-01
6.194975029291912572e-01
7.845384756687719952e-01
8.925007461555137800e-01
9.179775866256351113e-01
8.342358052868762419e-01
6.413557573048802585e-01
3.810515619550828847e-01
1.804306420027984303e-01
5.209081343395769448e-01
4.989992880973935230e-01
4.312849265375445773e-01
3.980114617744999750e-01
4.853648582595764260e-01
6.631327337469885563e-01
8.466828618089587977e-01
9.671886855330817934e-01
9.973871697984216800e-01
9.077580439228435383e-01
6.981063857523860383e-01
4.147913033563555563e-01
1.964089381040129423e-01
4.108192880830881522e-01
3.906098911765796267e-01
2.799315867443093464e-01
1.940995755250035093e-01
2.569923912967037039e-01
4.478133226243751763e-01
6.848862122081970094e-01
8.990410251536629094e-01
1.034605845541798130e+00
1.000557339238113963e+00
7.793716511200118324e-01
4.640452229325267575e-01
2.198308538070347651e-01
5.261294966772447346e-01
5.045573302921102510e-01
4.399232024892287818e-01
4.098652435340324751e-01
4.979055269805751083e-01
6.734486250857967260e-01
8.523630869279119615e-01
9.667319720656791793e-01
9.907883752436221769e-01
8.984094426123058197e-01
6.903556286576825185e-01
4.101311300323707831e-01
1.941966413021710136e-01
4.871407949797481041e-01
4.681799550063415749e-01
4.079854877418668258e-01
3.787657936828092708e-01
4.585957764684290838e-01
6.195019149416519655e-01
7.845416532696419809e-01
8.925023558538240920e-01
9.179775632399488350e-01
8.342348719382226552e-01
6.413548864831674079e-01
3.810510295639694678e-01
1.804303883693670618e-01
4.054634704205347662e-01
3.853381447312991814e-01
2.772631405204161181e-01
1.939948951530535703e-01
2.565714644782408627e-01
4.443279911676255023e-01
6.767133690243668509e-01
8.853526953331154470e-01
1.016302634629224766e+00
9.815927691515345943e-01
7.643994782649159436e-01
4.551113269461605215e-01
2.155966428063611218e-01
4.871376341483981132e-01
4.681763447262553002e-01
4.079807969643231003e-01
3.787602564190349907e-01
4.585903628568357981e-01
6.194976923161976679e-01
7.845393003167978607e-01
8.925017158299191067e-01
9.179784131226177424e-01
8.342364504624714128e-01
6.413562352933201982e-01
3.810518441797419720e-01
1.804307754571563560e-01
4.871427470048049768e-01
4.681818994338681761e-01
4.079895025845771128e-01
3.787721461606820550e-01
4.586027708360287392e-01
6.195076047701056909e-01
7.845443357658764549e-01
8.925005985382689078e-01
9.179712758567415420e-01
8.342266943965748194e-01
6.413481851285471880e-01
3.810470074741146296e-01
1.804284797102935489e-01
4.871221382832550684e-01
4.681631854880912158e-01
4.079742018382360724e-01
3.787579407224926364e-01
4.585836012607721890e-01
6.194788910612846200e-01
7.845060424314469483e-01
8.924572975141773501e-01
9.179277678465898038e-01
8.341877681979744663e-01
6.413183627673836318e-01
3.810292991542787444e-01
1.804200957382859904e-01
4.871378667257256767e-01
4.681767620810129427e-01
4.079810623294050642e-01
3.787601805604993155e-01
4.585899919031006799e-01
6.194971308316525871e-01
7.845387870446116629e-01
8.925017704702938870e-01
9.179792094692610371e-01
8.342375898855491911e-01
6.413571813616941730e-01
3.810524131340655707e-01
1.804310455661113644e-01
4.082190647737811706e-01
3.890797746717917782e-01
2.770245814498445980e-01
1.885316777543609990e-01
2.491308093774094734e-01
4.386087592869124530e-01
6.763285149775747351e-01
8.948106634993607811e-01
1.036132860576778780e+00
1.005222522171790756e+00
7.835103729715308107e-01
4.665582434048008431e-01
2.210263417392764607e-01
