0.000000000000000000e+00
3.902490224238421845e-01
5.495172828299966783e-01
6.612147135432545619e-01
6.388298087044719242e-01
4.534267703968561380e-01
1.283607326375298396e-01
-1.876314567433047809e-01
-2.176938784695338358e-01
-1.029822868452488355e-01
-1.962489668224178321e-02
-2.520412040471014213e-03
-2.666970089684698856e-04
0.000000000000000000e+00
2.250200977851328221e-01
3.889865229076137076e-01
4.673171219447322389e-01
3.978710826268279099e-01
1.781265777676722672e-01
-1.558949456106890619e-01
-4.423453396484026134e-01
-3.958456009395400210e-01
-1.823471701720498772e-01
-3.463155283631506182e-02
-4.447728363154373511e-03
-4.709017261071990761e-04
0.000000000000000000e+00
2.250204284810651267e-01
3.889868498724122770e-01
4.673175167862612667e-01
3.978715672125757719e-01
1.781271222127965848e-01
-1.558943947683425479e-01
-4.423448561295807435e-01
-3.958452656358507071e-01
-1.823470209972897216e-01
-3.463152463478397225e-02
-4.447724741209227797e-03
-4.709013423400928750e-04
0.000000000000000000e+00
2.250202475559739956e-01
3.889866709886396490e-01
4.673173007668529610e-01
3.978713020937398870e-01
1.781268243446521016e-01
-1.558946961364332529e-01
-4.423451206646970002e-01
-3.958454490818644755e-01
-1.823471026114084348e-01
-3.463154006395646051e-02
-4.447726722790165330e-03
-4.709015523006393283e-04
0.000000000000000000e+00
2.250203394354337583e-01
3.889867618314535314e-01
4.673174104683123220e-01
3.978714367294350351e-01
1.781269756114776115e-01
-1.558945430922249464e-01
-4.423449863254330650e-01
-3.958453559222008256e-01
-1.823470611651884232e-01
-3.463153222853670998e-02
-4.447725716480953155e-03
-4.709014456760609126e-04
0.000000000000000000e+00
2.250208652755919525e-01
3.889872817387296511e-01
4.673180383064916010e-01
3.978722072700477952e-01
1.781278413345854794e-01
-1.558936671968830234e-01
-4.423442174813412286e-01
-3.958448227552405219e-01
-1.823468239621514053e-01
-3.463148738523469383e-02
-4.447719957219885972e-03
-4.709008354473399514e-04
0.000000000000000000e+00
2.250203617495555308e-01
3.889867838938124156e-01
4.673174371107384206e-01
3.978714694274646524e-01
1.781270123485935164e-01
-1.558945059234483344e-01
-4.423449536993956377e-01
-3.958453332971648697e-01
-1.823470510994348315e-01
-3.463153032560311456e-02
-4.447725472085672233e-03
-4.709014197808952893e-04
0.000000000000000000e+00
2.250203515659774389e-01
3.889867738251323037e-01
4.673174249518361467e-01
3.978714545049442108e-01
1.781269955827403662e-01
-1.558945228863000132e-01
-4.423449685890606942e-01
-3.958453436226360145e-01
-1.823470556931799380e-01
-3.463153119405194130e-02
-4.447725583621249014e-03
-4.709014315987674910e-04
0.000000000000000000e+00
2.230868229472028341e-01
3.773704160474681824e-01
4.534306950937414538e-01
3.910668042541552980e-01
1.861539905870603917e-01
-1.281830071316245601e-01
-4.002142559846908476e-01
-3.614363414441383870e-01
-1.666751235713569701e-01
-3.165949425011862356e-02
-4.066026232561495597e-03
-4.304791715939342077e-04
0.000000000000000000e+00
2.250204724846393556e-01
3.889868933795086470e-01
4.673175693252761831e-01
3.978716316932749963e-01
1.781271946585967214e-01
-1.558943214713052194e-01
-4.423447917908505111e-01
-3.958452210191519827e-01
-1.823470011475667729e-01
-3.463152088218816871e-02
-4.447724259260354626e-03
-4.709012912746799091e-04
0.000000000000000000e+00
2.250203296881836956e-01
3.889867521941784978e-01
4.673173988303732096e-01
3.978714224462884808e-01
1.781269595639781711e-01
-1.558945593282821118e-01
-4.423450005771319971e-01
-3.958453658052643598e-01
-1.823470655621088066e-01
-3.463153305977576674e-02
-4.447725823237648653e-03
-4.709014569875818058e-04
0.000000000000000000e+00
2.250206204101336538e-01
3.889870396360080584e-01
4.673177459441051895e-01
3.978718484561053481e-01
1.781274381974681242e-01
-1.558940750708556200e-01
-4.423445755052729522e-01
-3.958450710325355226e-01
-1.823469344193491826e-01
-3.463150826719954556e-02
-4.447722639107296906e-03
-4.709011196096144999e-04
0.000000000000000000e+00
2.250203540056073814e-01
3.889867762372367088e-01
4.673174278646848312e-01
3.978714580798593525e-01
1.781269995992537103e-01
-1.558945188225926426e-01
-4.423449650220165896e-01
-3.958453411490134299e-01
-1.823470545926789144e-01
-3.463153098600190577e-02
-4.447725556901216577e-03
-4.709014287676177341e-04
0.000000000000000000e+00
-8.179728746892654667e-02
-4.377608670746048480e-02
-5.340339757250591596e-02
-1.046803358902768932e-01
-1.775218905697454608e-01
-2.544959768661779753e-01
-2.914596338258129693e-01
-2.219679552154134317e-01
-1.001421008724721617e-01
-1.896726725863688914e-02
-2.435974675120899328e-03
-2.580256402292757873e-04
0.000000000000000000e+00
2.250203333665188321e-01
3.889867558310122209e-01
4.673174032222006669e-01
3.978714278363421064e-01
1.781269656198484208e-01
-1.558945532012555590e-01
-4.423449951989458784e-01
-3.958453620756770541e-01
-1.823470639028360041e-01
-3.463153274608977289e-02
-4.447725782950705600e-03
-4.709014527189352801e-04
0.000000000000000000e+00
2.250205709798244191e-01
3.889869907634047608e-01
4.673176869257231747e-01
3.978717760233324574e-01
1.781273568172990762e-01
-1.558941574072404412e-01
-4.423446477785686337e-01
-3.958451211515828239e-01
-1.823469567170366290e-01
-3.463151248258372616e-02
-4.447723180492452362e-03
-4.709011769726627848e-04
0.000000000000000000e+00
1.935711067351010839e-01
3.480732596427424941e-01
4.180532177473638145e-01
3.477690701169938725e-01
1.376926590433318331e-01
-1.769827122274502118e-01
-4.428396945025319109e-01
-3.909343746864221703e-01
-1.797943479202050165e-01
-3.413957822893778221e-02
-4.384545417654261978e-03
-4.642284644847118839e-04
0.000000000000000000e+00
2.250205136947447393e-01
3.889869341246538492e-01
4.673176185289688589e-01
3.978716920805606128e-01
1.781272625053367253e-01
-1.558942528273670192e-01
-4.423447315365213184e-01
-3.958451792348449683e-01
-1.823469825579592807e-01
-3.463151736781755474e-02
-4.447723807906932107e-03
-4.709012434510409799e-04
0.000000000000000000e+00
2.250204910631821154e-01
3.889869117484357486e-01
4.673175915075272746e-01
3.978716589173685314e-01
1.781272252455983196e-01
-1.558942905249068867e-01
-4.423447646266970290e-01
-3.958452021817449040e-01
-1.823469927669083557e-01
-3.463151929782229410e-02
-4.447724055778980515e-03
-4.709012697145913964e-04
0.000000000000000000e+00
2.250203583988031886e-01
3.889867805808655543e-01
4.673174331100355405e-01
3.978714645174350473e-01
1.781270068320430777e-01
-1.558945115048181451e-01
-4.423449585986146682e-01
-3.958453366946049767e-01
-1.823470526109371714e-01
-3.463153061135306604e-02
-4.447725508784767384e-03
-4.709014236693874109e-04
0.000000000000000000e+00
