0.000000000000000000e+00
4.568890192368105785e-01
4.517340902286919868e-01
5.455124822915025096e-01
6.695029646356971398e-01
7.522045920718654077e-01
7.610429850437900878e-01
6.680289011616080685e-01
4.632550895480355702e-01
2.060996317195272209e-01
3.896319434298910894e-02
5.004074145777589501e-03
5.302120758443162451e-04
0.000000000000000000e+00
4.568894585332889391e-01
4.517345245687321986e-01
5.455130067989918397e-01
6.695036083594073650e-01
7.522053153127715719e-01
7.610437167827663885e-01
6.680295434680136868e-01
4.632555349654582932e-01
2.060998298832794340e-01
3.896323180590316460e-02
5.004078957169540154e-03
5.302125856405423120e-04
0.000000000000000000e+00
4.568890307247368554e-01
4.517341015870037224e-01
5.455124960077594176e-01
6.695029814695460102e-01
7.522046109851473483e-01
7.610430041793029288e-01
6.680289179583932535e-01
4.632551011960290288e-01
2.060996369016551977e-01
3.896319532267188135e-02
5.004074271599029573e-03
5.302120891758628322e-04
0.000000000000000000e+00
4.568892579670347232e-01
4.517343262654012759e-01
5.455127673285939949e-01
6.695033144593657282e-01
7.522049851081680227e-01
7.610433826982635486e-01
6.680292502150598777e-01
4.632553316046110203e-01
2.060997394091612367e-01
3.896321470174523433e-02
5.004076760468886310e-03
5.302123528867541723e-04
0.000000000000000000e+00
4.568890224829246782e-01
4.517340934381811612e-01
5.455124861672703274e-01
6.695029693923949532e-01
7.522045974161433168e-01
7.610429904508632104e-01
6.680289059078328151e-01
4.632550928393794343e-01
2.060996331838279017e-01
3.896319461981557347e-02
5.004074181330633517e-03
5.302120796113774523e-04
0.000000000000000000e+00
4.568889653764607317e-01
4.517340369760307617e-01
5.455124179837780307e-01
6.695028857113579646e-01
7.522045033982470708e-01
7.610428953282580844e-01
6.680288224110387807e-01
4.632550349372216991e-01
2.060996074234776043e-01
3.896318974981398398e-02
5.004073555872442201e-03
5.302120133402797933e-04
0.000000000000000000e+00
1.064439103742110676e-01
4.538042105783451907e-02
5.567186439313086266e-02
1.314806905038773954e-01
2.443951346183015627e-01
3.681077700070614633e-01
4.329536403255346833e-01
3.322699522631153979e-01
1.500676469987871076e-01
2.842741244724218685e-02
3.650944624001488652e-03
3.867095823553979000e-04
0.000000000000000000e+00
4.568892097860633994e-01
4.517342786280400535e-01
5.455127098018858200e-01
6.695032438573118583e-01
7.522049057848612108e-01
7.610433024429090754e-01
6.680291797684526633e-01
4.632552827523094274e-01
2.060997176750419546e-01
3.896321059290376587e-02
5.004076232767097794e-03
5.302122969735416358e-04
0.000000000000000000e+00
4.568890332662787768e-01
4.517341040998702484e-01
5.455124990422881570e-01
6.695029851937980281e-01
7.522046151694448124e-01
7.610430084127657313e-01
6.680289216744454972e-01
4.632551037729835675e-01
2.060996380481280588e-01
3.896319553941290925e-02
5.004074299435252483e-03
5.302120921252798016e-04
0.000000000000000000e+00
4.568889706116284755e-01
4.517340421521318095e-01
5.455124242344192576e-01
6.695028933827184003e-01
7.522045120172268229e-01
7.610429040485107155e-01
6.680288300655089495e-01
4.632550402453337046e-01
2.060996097850273379e-01
3.896319019626563046e-02
5.004073613210583381e-03
5.302120194156044984e-04
0.000000000000000000e+00
1.312880887674768848e-01
6.709652854792960697e-02
8.193757595421839734e-02
1.667207759750227170e-01
2.885872203655292512e-01
4.185677246533621720e-01
4.824714910199084383e-01
3.681326724422164798e-01
1.661294565546494184e-01
3.146661757251932590e-02
4.041271657443217848e-03
4.280609107791575685e-04
0.000000000000000000e+00
4.568890311392573844e-01
4.517341019968473259e-01
5.455124965026851847e-01
6.695029820769642370e-01
7.522046116675981109e-01
7.610430048697723882e-01
6.680289185644741057e-01
4.632551016163252711e-01
2.060996370886426787e-01
3.896319535802192369e-02
5.004074276139063721e-03
5.302120896569069647e-04
0.000000000000000000e+00
4.568889528884638174e-01
4.517340246289318073e-01
5.455124030734652685e-01
6.695028674120542256e-01
7.522044828384869541e-01
7.610428745269210982e-01
6.680288041520250353e-01
4.632550222752230273e-01
2.060996017902243238e-01
3.896318868484583559e-02
5.004073419097732588e-03
5.302119988481679641e-04
0.000000000000000000e+00
4.568890155247801177e-01
4.517340865585431353e-01
5.455124778594437895e-01
6.695029591962681215e-01
7.522045859605205331e-01
7.610429788606369872e-01
6.680288957341551370e-01
4.632550857842834824e-01
2.060996300450546881e-01
3.896319402642960117e-02
5.004074105121598774e-03
5.302120715365669923e-04
0.000000000000000000e+00
4.568890707016563524e-01
4.517341411128767414e-01
5.455125437390632159e-01
6.695030400497810064e-01
7.522046768016174001e-01
7.610430707691154817e-01
6.680289764096505323e-01
4.632551417299675678e-01
2.060996549349806417e-01
3.896319873187722299e-02
5.004074709445992253e-03
5.302121355684101880e-04
0.000000000000000000e+00
4.568889725437789706e-01
4.517340440624825204e-01
5.455124265413520135e-01
6.695028962139978335e-01
7.522045151982454936e-01
7.610429072669062656e-01
6.680288328905547024e-01
4.632550422044058869e-01
2.060996106566077568e-01
3.896319036103815941e-02
5.004073634372450778e-03
5.302120216578330367e-04
0.000000000000000000e+00
4.568891694778266510e-01
4.517342387745878485e-01
5.455126616749985669e-01
6.695031847915805523e-01
7.522048394229231549e-01
7.610432353012190898e-01
6.680291208327679975e-01
4.632552418824371632e-01
2.060996994922614511e-01
3.896320715544390745e-02
5.004075791291384169e-03
5.302122501965060488e-04
0.000000000000000000e+00
4.568889255890359880e-01
4.517339976375144839e-01
5.455123704787255834e-01
6.695028274087994058e-01
7.522044378937540188e-01
7.610428290540881546e-01
6.680287642368465395e-01
4.632549945954182458e-01
2.060995894756319780e-01
3.896318635676863235e-02
5.004073120100919168e-03
5.302119671676380199e-04
0.000000000000000000e+00
4.568889634821138301e-01
4.517340351030571521e-01
5.455124157219818359e-01
6.695028829354741085e-01
7.522045002794668367e-01
7.610428921728322749e-01
6.680288196412667023e-01
4.632550330164799113e-01
2.060996065689501833e-01
3.896318958826532758e-02
5.004073535124619471e-03
5.302120111419218696e-04
0.000000000000000000e+00
4.568890017333296361e-01
4.517340729226970164e-01
5.455124613928444832e-01
6.695029389869467940e-01
7.522045632548043370e-01
7.610429558881289802e-01
6.680288755693292169e-01
4.632550718006695489e-01
2.060996238238220479e-01
3.896319285030379331e-02
5.004073954070822720e-03
5.302120555318189012e-04
0.000000000000000000e+00
