2.916259036210976929e-01 0.000000000000000000e+00 7.871976728382671373e-01 1.123198085678783320e+00 3.380758585639136449e-01 1.294029737593259954e-01
4.663810384283768040e-01 0.000000000000000000e+00 1.258919396009873015e+00 7.023320643438634159e-01 5.406633648156556893e-01 8.091589051305778102e-02
2.809411911625526170e-01 0.000000000000000000e+00 7.583549694595927981e-01 1.165916988095396345e+00 3.256883730808830535e-01 1.343257344004071541e-01
2.097257503586335836e-01 -3.469446951953614189e-18 5.661202313014960241e-01 1.561821185507149323e+00 2.431300514893895426e-01 1.799381692289269419e-01
3.097057536301427993e-01 0.000000000000000000e+00 8.359997964816483496e-01 1.057630138242644069e+00 3.590345193844780569e-01 1.218503440573954349e-01
3.020348280769535876e-01 0.000000000000000000e+00 8.152927813396104728e-01 1.084492005558440830e+00 3.501415303620890596e-01 1.249454513883589413e-01
3.027354132663397923e-01 0.000000000000000000e+00 8.171860362304725900e-01 1.081978361299544389e+00 3.509540131319671130e-01 1.246564371133289661e-01
5.788898577610889218e-01 0.000000000000000000e+00 1.562611529289870571e+00 5.658357190883421817e-01 6.710866127736199171e-01 6.519124462017888977e-02
1.934559952200018973e-01 0.000000000000000000e+00 5.222024352419446513e-01 1.693172935583288297e+00 2.242688665764245026e-01 1.950721088556279514e-01
3.007384099560417856e-01 0.000000000000000000e+00 8.117949374005288821e-01 1.089165321457695068e+00 3.486395276271573862e-01 1.254821414196378992e-01
3.021152868653753099e-01 0.000000000000000000e+00 8.155145328643816915e-01 1.084199326495368876e+00 3.502362058741790296e-01 1.249079446317997305e-01
3.115072247293991237e-01 0.000000000000000000e+00 8.408624885594238041e-01 1.051514093867332633e+00 3.611225427793863241e-01 1.211454207479246148e-01
3.958379651450430470e-01 0.000000000000000000e+00 1.068500364849800821e+00 8.274947905248104529e-01 4.588856666935956508e-01 9.533670705033329973e-02
3.608260471403699765e-01 0.000000000000000000e+00 9.739969455122375885e-01 9.077818716735407412e-01 4.182995013625523950e-01 1.045851258315556032e-01
4.070296351908109234e-01 0.000000000000000000e+00 1.098712254547813627e+00 8.047393714881984073e-01 4.718570863762303058e-01 9.271459217395314201e-02
3.878435186060655848e-01 0.000000000000000000e+00 1.046919087799255133e+00 8.445532440756622350e-01 4.496171563670766647e-01 9.730161646807697351e-02
3.257756258665168714e-01 0.000000000000000000e+00 8.793771946499765457e-01 1.005460505278168215e+00 3.776634571278977837e-01 1.158395191541374547e-01
2.738763711259488698e-01 0.000000000000000000e+00 7.392843098742772900e-01 1.195992728520051784e+00 3.174986422087009430e-01 1.377911917725727076e-01
3.577361200411937614e-01 0.000000000000000000e+00 9.656523543906292417e-01 9.156295066004501715e-01 4.147147863961869740e-01 1.054903228169219026e-01
5.642815564777520221e-01 0.000000000000000000e+00 1.523193499795582495e+00 5.804759697688096631e-01 6.541650556201170641e-01 6.687657293469682906e-02
