0.000000000000000000e+00
4.028343887131357604e-01
3.862487880070866741e-01
3.351545764564552443e-01
3.104554571717270672e-01
3.776741923269028578e-01
5.134746090341408831e-01
6.530357807763249589e-01
7.439620435227322082e-01
7.655487123746049782e-01
6.958664732141939258e-01
5.350035362384825133e-01
3.178665206541007038e-01
1.505123284808064510e-01
4.028346152325667506e-01
3.862490052002016117e-01
3.351547649185778188e-01
3.104556317451882541e-01
3.776744046984023551e-01
5.134748977681207194e-01
6.530361479875106401e-01
7.439624618630316100e-01
7.655491428533913734e-01
6.958668645096791616e-01
5.350038370784803154e-01
3.178666993949069153e-01
1.505124131160013867e-01
4.028342756771726152e-01
3.862486796250691468e-01
3.351544824115538779e-01
3.104553700574374520e-01
3.776740863509304158e-01
5.134744649523579341e-01
6.530355975334576346e-01
7.439618347658125685e-01
7.655484975604320841e-01
6.958662779529669606e-01
5.350033861156486825e-01
3.178664314602550056e-01
1.505122862468103173e-01
4.028344422182394413e-01
3.862488393092645689e-01
3.351546209722187086e-01
3.104554984069143320e-01
3.776742424901893269e-01
5.134746772346545640e-01
6.530358675135752300e-01
7.439621423369532360e-01
7.655488140560016141e-01
6.958665656402848176e-01
5.350036072985024926e-01
3.178665628736371818e-01
1.505123484720931326e-01
4.028343789096502925e-01
3.862487786072328344e-01
3.351545683000438092e-01
3.104554496164000366e-01
3.776741831357227075e-01
5.134745965380854704e-01
6.530357648838714946e-01
7.439620254174729164e-01
7.655486937440068029e-01
6.958664562794013575e-01
5.350035232184933154e-01
3.178665129184160554e-01
1.505123248178981687e-01
4.028344187962694112e-01
3.862488168516298170e-01
3.351546014853509781e-01
3.104554803561256349e-01
3.776742205311067191e-01
5.134746473797383581e-01
6.530358295441641703e-01
7.439620990808231138e-01
7.655487695447594776e-01
6.958665251805720153e-01
5.350035761918313648e-01
3.178665443919475586e-01
1.505123397208659453e-01
4.028344197794699322e-01
3.862488177943497747e-01
3.351546023033649679e-01
3.104554811138562909e-01
3.776742214528985842e-01
5.134746486329790915e-01
6.530358311380328740e-01
7.439621008966161853e-01
7.655487714132392929e-01
6.958665268789778757e-01
5.350035774976180658e-01
3.178665451677664677e-01
1.505123400882223683e-01
4.028344231096213091e-01
3.862488209873912726e-01
3.351546050740208393e-01
3.104554836803294915e-01
3.776742245750556171e-01
5.134746528777710539e-01
6.530358365365490636e-01
7.439621070468016573e-01
7.655487777418774620e-01
6.958665326315668365e-01
5.350035819203853293e-01
3.178665477955054386e-01
1.505123413324777060e-01
4.028359432571941290e-01
3.862502785470586231e-01
3.351558698230844291e-01
3.104566552240777821e-01
3.776756497773791077e-01
5.134765905404992115e-01
6.530383008513764853e-01
7.439649144836203432e-01
7.655516666387779390e-01
6.958691585735417018e-01
5.350056008252996875e-01
3.178677473058585390e-01
1.505129093101807702e-01
4.028343921993499110e-01
3.862487913497655301e-01
3.351545793569539744e-01
3.104554598584743919e-01
3.776741955953754060e-01
5.134746134778589433e-01
6.530357864278349966e-01
7.439620499611374616e-01
7.655487189998257946e-01
6.958664792363699059e-01
5.350035408685165361e-01
3.178665234049849464e-01
1.505123297833720619e-01
4.028344073587610263e-01
3.862488058850295225e-01
3.351545919694472464e-01
3.104554715414936661e-01
3.776742098079612919e-01
5.134746328008684690e-01
6.530358110027922880e-01
7.439620779578198784e-01
7.655487478088550679e-01
6.958665054231261138e-01
5.350035610016996568e-01
3.178665353668963522e-01
1.505123354474323383e-01
4.028343978003224857e-01
3.862487967201334582e-01
3.351545840169126156e-01
3.104554641750187360e-01
3.776742008465229228e-01
5.134746206171630911e-01
6.530357955075849485e-01
7.439620603051178005e-01
7.655487296439452694e-01
6.958664889116338292e-01
5.350035483071567954e-01
3.178665278245720316e-01
1.505123318760817341e-01
4.028345049196023209e-01
3.862488994290708133e-01
3.351546731391868428e-01
3.104555467294528581e-01
3.776743012753557283e-01
5.134747571572199076e-01
6.530359691589029403e-01
7.439622581349966124e-01
7.655489332140202885e-01
6.958666739522300082e-01
5.350036905720555458e-01
3.178666123497111973e-01
1.505123718994081372e-01
4.028344008226500406e-01
3.862487996180249405e-01
3.351545865314618511e-01
3.104554665042590367e-01
3.776742036800821434e-01
5.134746244695860273e-01
6.530358004070871969e-01
7.439620658868084657e-01
7.655487353875932710e-01
6.958664941324800290e-01
5.350035523211038591e-01
3.178665302094149658e-01
1.505123330053238506e-01
4.028362121511738780e-01
3.862505363700665106e-01
3.351560935404492292e-01
3.104568624546562572e-01
3.776759018768012788e-01
5.134769332873823089e-01
6.530387367560434031e-01
7.439654110820247412e-01
7.655521776463923844e-01
6.958696230679111139e-01
5.350059579428498857e-01
3.178679594833591637e-01
1.505130097779167619e-01
4.028343546612264126e-01
3.862487553571712917e-01
3.351545481255739367e-01
3.104554309286818858e-01
3.776741604018048482e-01
5.134745656297262650e-01
6.530357255746941370e-01
7.439619806350326048e-01
7.655486476621672365e-01
6.958664143920508804e-01
5.350034910142106304e-01
3.178664937845924188e-01
1.505123157578803494e-01
4.028343265359634051e-01
3.862487283898888291e-01
3.351545247256088600e-01
3.104554092531704446e-01
3.776741340331871699e-01
5.134745297797371766e-01
6.530356799807637280e-01
7.439619286927735553e-01
7.655485942127610022e-01
6.958663658077488545e-01
5.350034536611057989e-01
3.178664715916522665e-01
1.505123052493464730e-01
3.922697288985557695e-01
3.760431681072488597e-01
3.254453058669943832e-01
3.005487732096531750e-01
3.659687063710063692e-01
4.990148976028034866e-01
6.363132487760960743e-01
7.265668796675693875e-01
7.491533808451588117e-01
6.817884877429636337e-01
5.243186858366010172e-01
3.115318162001318725e-01
1.475141914181208325e-01
4.028344601262789926e-01
3.862488564799896329e-01
3.351546358715459806e-01
3.104555122082399699e-01
3.776742592797300291e-01
5.134747000612150947e-01
6.530358965443404662e-01
7.439621754098537654e-01
7.655488480885395131e-01
6.958665965750924221e-01
5.350036310821334462e-01
3.178665770044223349e-01
1.505123551631324386e-01
4.028352967430254283e-01
3.862496586513369801e-01
3.351553319291298849e-01
3.104561569700621804e-01
3.776750436431380864e-01
5.134757664583967651e-01
6.530372527857278842e-01
7.439637204892257660e-01
7.655504379996567188e-01
6.958680417683557051e-01
5.350047421911410250e-01
3.178672371577304090e-01
1.505126677509801558e-01
