0.000000000000000000e+00
2.250202277846442001e-01
3.889866514403833020e-01
4.673172771604480191e-01
3.978712731217941556e-01
1.781267917938915701e-01
-1.558947290696648391e-01
-4.423451495728544236e-01
-3.958454691286783511e-01
-1.823471115301252554e-01
-3.463154175004243274e-02
-4.447726939335532037e-03
-4.709015752449373197e-04
0.000000000000000000e+00
2.250203348779317714e-01
3.889867573253723565e-01
4.673174050267845936e-01
3.978714300510930446e-01
1.781269681081807388e-01
-1.558945506836852957e-01
-4.423449929890711507e-01
-3.958453605432048494e-01
-1.823470632210476006e-01
-3.463153261719747328e-02
-4.447725766396964583e-03
-4.709014509649658603e-04
0.000000000000000000e+00
2.250203190718400026e-01
3.889867416976155456e-01
4.673173861547610386e-01
3.978714068896144207e-01
1.781269420856362862e-01
-1.558945770119941621e-01
-4.423450160995544556e-01
-3.958453765695310045e-01
-1.823470703510716440e-01
-3.463153396513055787e-02
-4.447725939513087583e-03
-4.709014693076713073e-04
0.000000000000000000e+00
2.250208917654975549e-01
3.889873079297582747e-01
4.673180699346847211e-01
3.978722460870680599e-01
1.781278849465519620e-01
-1.558936230724765615e-01
-4.423441787497854882e-01
-3.958447958962375002e-01
-1.823468120127292313e-01
-3.463148512619301095e-02
-4.447719667089359598e-03
-4.709008047062469035e-04
0.000000000000000000e+00
2.250203847399477874e-01
3.889868066248116096e-01
4.673174645606122946e-01
3.978715031164682392e-01
1.781270501990952493e-01
-1.558944676282038033e-01
-4.423449200845661622e-01
-3.958453099864356339e-01
-1.823470407286200967e-01
-3.463152836499762410e-02
-4.447725220283544473e-03
-4.709013931009290018e-04
0.000000000000000000e+00
2.250203820341760141e-01
3.889868039495681384e-01
4.673174613299978519e-01
3.978714991515617250e-01
1.781270457444160682e-01
-1.558944721352252261e-01
-4.423449240407429928e-01
-3.958453127299083607e-01
-1.823470419491759753e-01
-3.463152859574405995e-02
-4.447725249918492614e-03
-4.709013962409320164e-04
0.000000000000000000e+00
2.250205048355582993e-01
3.889869253654227310e-01
4.673176079513524650e-01
3.978716790987393281e-01
1.781272479199113024e-01
-1.558942675841710201e-01
-4.423447444897600223e-01
-3.958451882174710557e-01
-1.823469865542800272e-01
-3.463151812332313645e-02
-4.447723904937115474e-03
-4.709012537319788648e-04
0.000000000000000000e+00
2.250202574532725319e-01
3.889866807742701771e-01
4.673173125839455988e-01
3.978713165967602272e-01
1.781268406391854908e-01
-1.558946796504393495e-01
-4.423451061936084505e-01
-3.958454390466617512e-01
-1.823470981468021668e-01
-3.463153921992136869e-02
-4.447726614390064802e-03
-4.709015408149897115e-04
0.000000000000000000e+00
2.250203129281587167e-01
3.889867356232514228e-01
4.673173788193804579e-01
3.978713978869623524e-01
1.781269319709145593e-01
-1.558945872455638204e-01
-4.423450250823851571e-01
-3.958453827988153706e-01
-1.823470731224458574e-01
-3.463153448905964549e-02
-4.447726006801717979e-03
-4.709014764373108510e-04
0.000000000000000000e+00
2.508547056151278487e-01
4.081563811713745382e-01
4.905592662521442437e-01
4.331197824421255671e-01
2.280217408749164454e-01
-9.254817190758418688e-02
-3.750470940455300495e-01
-3.457663468451037114e-01
-1.598284301442311484e-01
-3.036830147587237308e-02
-3.900196721707661820e-03
-4.129012814209331297e-04
0.000000000000000000e+00
2.250203466406692221e-01
3.889867689553947461e-01
4.673174190711583686e-01
3.978714472876369035e-01
1.781269874739014325e-01
-1.558945310904176207e-01
-4.423449757904773794e-01
-3.958453486165710578e-01
-1.823470579149540916e-01
-3.463153161407897529e-02
-4.447725637565656115e-03
-4.709014373145054325e-04
0.000000000000000000e+00
2.250204721915746719e-01
3.889868930897504851e-01
4.673175689753653050e-01
3.978716312638321817e-01
1.781271941761062294e-01
-1.558943219594649543e-01
-4.423447922193477488e-01
-3.958452213163001221e-01
-1.823470012797663575e-01
-3.463152090718053105e-02
-4.447724262470143831e-03
-4.709012916147766207e-04
0.000000000000000000e+00
2.250205404499844852e-01
3.889869605780230111e-01
4.673176504739633419e-01
3.978717312863887523e-01
1.781273065541392198e-01
-1.558942082609917623e-01
-4.423446924170137962e-01
-3.958451521068107049e-01
-1.823469704888466270e-01
-3.463151508614834700e-02
-4.447723514870334516e-03
-4.709012124020321298e-04
0.000000000000000000e+00
2.250203838015770175e-01
3.889868056970282040e-01
4.673174634402244010e-01
3.978715017414252708e-01
1.781270486541975950e-01
-1.558944691912539371e-01
-4.423449214565815524e-01
-3.958453109378811674e-01
-1.823470411519129697e-01
-3.463152844502125766e-02
-4.447725230561043810e-03
-4.709013941898926650e-04
0.000000000000000000e+00
2.250203403106891820e-01
3.889867626968337988e-01
4.673174115133423845e-01
3.978714380119918737e-01
1.781269770524646079e-01
-1.558945416343061607e-01
-4.423449850457001897e-01
-3.958453550347499905e-01
-1.823470607703664426e-01
-3.463153215389550010e-02
-4.447725706894722908e-03
-4.709014446603416114e-04
0.000000000000000000e+00
2.250203362766123871e-01
3.889867587082722067e-01
4.673174066967695772e-01
3.978714321006517896e-01
1.781269704109149643e-01
-1.558945483538938248e-01
-4.423449909440250183e-01
-3.958453591250356562e-01
-1.823470625901119357e-01
-3.463153249791890709e-02
-4.447725751077924276e-03
-4.709014493418202320e-04
0.000000000000000000e+00
2.250204638641007948e-01
3.889868848562327841e-01
4.673175590325985285e-01
3.978716190611567560e-01
1.781271804660720104e-01
-1.558943358305919791e-01
-4.423448043951563324e-01
-3.958452297598050174e-01
-1.823470050362350769e-01
-3.463152161734201623e-02
-4.447724353676750335e-03
-4.709013012786710342e-04
0.000000000000000000e+00
2.250202568639096401e-01
3.889866801915568550e-01
4.673173118802630976e-01
3.978713157331363881e-01
1.781268396688809874e-01
-1.558946806321449552e-01
-4.423451070553306996e-01
-3.958454396442366297e-01
-1.823470984126599193e-01
-3.463153927018184502e-02
-4.447726620845057592e-03
-4.709015414989355043e-04
0.000000000000000000e+00
2.250207020838343452e-01
3.889871203882111494e-01
4.673178434601787390e-01
3.978719681367771654e-01
1.781275726619225841e-01
-1.558939390264458824e-01
-4.423444560881055754e-01
-3.958449882208330828e-01
-1.823468975768799683e-01
-3.463150130212019201e-02
-4.447721744576597393e-03
-4.709010248286489802e-04
0.000000000000000000e+00
2.250203434964594407e-01
3.889867658466600320e-01
4.673174153170613354e-01
3.978714426802647530e-01
1.781269822973947647e-01
-1.558945363277481899e-01
-4.423449803877054221e-01
-3.958453518045907393e-01
-1.823470593332864320e-01
-3.463153188221511358e-02
-4.447725672002593791e-03
-4.709014409633084262e-04
0.000000000000000000e+00
