0.000000000000000000e+00 6.172289175332272559e-02 6.082896455068342867e+00 6.929426962664470002e-02 9.687206333377540446e+00 1.011573686241702685e-02 0.000000000000000000e+00 2.593088710378771977e-01 9.600104372426567778e-01
0.000000000000000000e+00 1.497312249258461736e-01 2.507513678777303134e+00 1.681001594522410492e-01 3.993276697348336235e+00 2.453916480013787482e-02 0.000000000000000000e+00 2.593111369821314294e-01 9.600071209721170451e-01
5.611960889690120746e-01 0.000000000000000000e+00 5.902815840772468459e-01 2.865385713877243723e-01 1.000000000000000000e+01 1.000000000000000000e+01 1.126628653865762164e-01 1.000000000000000000e+01 0.000000000000000000e+00
0.000000000000000000e+00 1.020719432999743770e-01 3.678691983139843469e+00 1.145868034478603747e-01 5.857972355894645489e+00 1.672961896476828775e-02 0.000000000000000000e+00 2.593062046653143438e-01 9.600475583145932079e-01
0.000000000000000000e+00 5.494248713246641991e+00 6.833068057465095657e-02 6.168234178907294307e+00 1.088158084512845375e-01 8.984745634224055033e-01 0.000000000000000000e+00 2.592480090972634210e-01 9.597571001434731519e-01
0.000000000000000000e+00 5.905308736392914426e+00 4.754703915561332012e-02 9.681132959728820708e+00 6.391415075735251694e-02 3.099107276860561200e+00 1.396537467766113816e-01 1.124366999080376184e-01 8.813762064306907007e-01
7.168599233617729993e+00 0.000000000000000000e+00 0.000000000000000000e+00 9.471361530030326242e-03 0.000000000000000000e+00 6.133558218850795329e-01 0.000000000000000000e+00 0.000000000000000000e+00 1.000000000000000000e+01
2.795541756617125451e+00 4.189251611629448036e+00 3.096505851107904217e+00 7.500221864760152179e+00 2.944076809696871244e+00 2.536683386045772259e+00 5.439793104635892718e+00 8.948635814952113909e-01 8.312565046446472650e+00
0.000000000000000000e+00 0.000000000000000000e+00 9.999999550620547240e+00 8.052826751028720198e-02 4.376386412959555550e+00 0.000000000000000000e+00 2.936327939013306243e-01 0.000000000000000000e+00 3.786740181178518960e-01
0.000000000000000000e+00 0.000000000000000000e+00 8.052827250615955668e-02 1.000000000000000000e+01 3.524226615023059311e-02 0.000000000000000000e+00 2.936328713168454563e-01 0.000000000000000000e+00 3.786739569871350741e-01
9.403676140447542187e-01 6.542984395673567821e-01 8.087583862445580252e+00 1.356510679919906981e-01 9.846443158938264162e+00 3.980976966731980538e-01 3.648923170058401336e-10 1.348695625144011867e+00 9.999870925524867005e+00
0.000000000000000000e+00 5.983653960032126601e-02 6.274704631635465546e+00 6.717563146985874867e-02 9.992733591924951142e+00 9.805845890696997594e-03 0.000000000000000000e+00 2.593085930743441736e-01 9.600118672743199744e-01
0.000000000000000000e+00 9.999966758524214683e+00 4.163580973665432367e-02 1.000000000000000000e+01 6.732429087026804704e-02 1.921953658711931467e+00 0.000000000000000000e+00 2.599543975002134855e-01 1.048312990126130329e+00
0.000000000000000000e+00 8.239426586417422649e-02 4.556988796291007837e+00 9.250080684637047856e-02 7.257263989618347289e+00 1.352301687114762507e-02 0.000000000000000000e+00 2.593370369839477774e-01 9.601629460263023663e-01
0.000000000000000000e+00 3.194848033640790841e-01 1.175222897353630946e+00 3.586611595768791072e-01 1.871605772763137443e+00 5.235218847974577178e-02 0.000000000000000000e+00 2.593089753524404073e-01 9.600257929266788892e-01
0.000000000000000000e+00 0.000000000000000000e+00 9.999999442527844451e+00 8.052790767670735261e-02 4.376395913507648672e+00 0.000000000000000000e+00 2.936310183402300877e-01 0.000000000000000000e+00 3.786704201149226900e-01
0.000000000000000000e+00 0.000000000000000000e+00 5.360539924451130034e+00 1.502241909009704723e-01 2.345978120637261632e+00 0.000000000000000000e+00 2.936331386465098614e-01 0.000000000000000000e+00 3.786741647893921425e-01
0.000000000000000000e+00 7.242152113982001538e+00 5.184115006377887358e-02 8.130772166834933756e+00 8.255941260132031168e-02 1.186928352733622960e+00 0.000000000000000000e+00 2.593157002022745128e-01 9.599972017878385389e-01
4.713475064864561581e+00 0.000000000000000000e+00 1.196453042204761896e+00 5.004216741230348653e+00 7.633637145382818900e+00 6.935019816888207345e+00 6.260317065154514360e+00 0.000000000000000000e+00 9.924352666646045762e+00
3.106753514123896665e+00 1.658005441519699641e+00 2.628649331873603723e-01 0.000000000000000000e+00 5.658491600968626578e+00 0.000000000000000000e+00 0.000000000000000000e+00 9.986010293021728046e+00 9.129261488807401959e-01
