-1.000000000000000056e-01 3.258915310493003759e+00 -4.136177875882257049e-01 1.892737671401495847e+00 -1.000000000000000056e-01 3.101698941657760500e+00 1.221028940448040778e+00 1.821826857683162881e+00 6.840674037782734640e-01
-1.000000000000000056e-01 1.164491656158933131e+00 -4.136577104477884848e-01 1.117829031457703071e+00 -1.000000000000000056e-01 1.912021184797502382e+00 1.220985640609254297e+00 1.821879755135194401e+00 6.840603107436761254e-01
-1.000000000000000056e-01 1.642697932083073242e+00 -4.136314920773880299e-01 1.977585323168530085e+00 -1.000000000000000056e-01 1.518762402129449463e+00 1.221008112928382072e+00 1.821849543361171664e+00 6.840634965576050108e-01
-1.000000000000000056e-01 2.745515162697571565e+00 -4.136144629186742083e-01 6.206338639595249118e-01 -1.000000000000000056e-01 1.529470400842331657e+00 1.221015045396212972e+00 1.821798086937505445e+00 6.840773468178832362e-01
-1.000000000000000056e-01 1.000000000000000056e-01 -4.724670562226577220e-01 1.805592304581880692e+00 -1.000000000000000056e-01 1.000000000000000056e-01 1.204933068484589587e+00 1.960528485442951885e+00 6.835328328415924970e-01
-1.000000000000000056e-01 1.000000000000000056e-01 -4.724717652250011724e-01 1.805562132187175761e+00 -1.000000000000000056e-01 1.000000000000000056e-01 1.204930360115638255e+00 1.960539150556820820e+00 6.835684972717857022e-01
-1.000000000000000056e-01 3.467724995421585188e+00 -4.136267623596837639e-01 1.495080370370129419e+00 -1.000000000000000056e-01 2.562515447548402658e+00 1.221031232758824858e+00 1.821841343171009209e+00 6.840117168268358139e-01
-1.000000000000000056e-01 2.649288957979817338e-01 -5.481514455082280302e-01 1.000000000000000056e-01 -1.000000000000000056e-01 1.000000000000000056e-01 1.158094098762621149e+00 1.867657262395699957e+00 6.307566256023788842e-01
-1.000000000000000056e-01 2.649305260433468256e-01 -5.481496795177780434e-01 1.000000000000000056e-01 -1.000000000000000056e-01 1.000000000000000056e-01 1.158100229381681112e+00 1.867650649157224452e+00 6.307561572958473306e-01
-1.000000000000000056e-01 1.640968418508825577e+00 -4.136434640872673207e-01 1.934900527559780148e+00 -1.000000000000000056e-01 1.300891705449759961e+00 1.221001945002856637e+00 1.821880383862479302e+00 6.840599897343638824e-01
-1.000000000000000056e-01 2.649053579671587499e-01 -5.481696794072674628e-01 9.999999999999986677e-02 -1.000000000000000056e-01 1.000000000000000056e-01 1.158110877786679538e+00 1.867675833629810267e+00 6.307435810772284990e-01
-1.000000000000000056e-01 3.273988468851182887e+00 -4.136139754811740676e-01 9.738562810170539041e-01 -1.000000000000000056e-01 1.827083406793870157e+00 1.221011751046316318e+00 1.821803742311740582e+00 6.840499995396738253e-01
-1.000000000000000056e-01 3.277910982297410847e+00 -4.136166883882184675e-01 2.172928541277582504e+00 -1.000000000000000056e-01 2.029320029037597894e+00 1.221014164843674088e+00 1.821817855475471815e+00 6.840609357920744982e-01
-1.000000000000000056e-01 2.649341193096513281e-01 -5.481500367959638575e-01 1.000000000000000056e-01 -1.000000000000000056e-01 1.000000000000000056e-01 1.158102329940076780e+00 1.867652126687968872e+00 6.307554243322013310e-01
-1.000000000000000056e-01 2.861128965378934463e+00 -4.136162162342515436e-01 2.619359941833150796e+00 -1.000000000000000056e-01 1.982333313791751372e+00 1.221011342444668246e+00 1.821813764005066449e+00 6.840590189852623348e-01
-1.000000000000000056e-01 2.649135577827235188e-01 -5.481564372943221741e-01 1.000000000000000056e-01 -1.000000000000000056e-01 1.000000000000000056e-01 1.158098421066817485e+00 1.867648091124698428e+00 6.307518700911519671e-01
-1.000000000000000056e-01 1.000000000000000056e-01 -4.724677402631708989e-01 1.805536501518137937e+00 -1.000000000000000056e-01 1.000000000000000056e-01 1.204930442196657125e+00 1.960522462743686356e+00 6.835562838670321550e-01
-1.000000000000000056e-01 2.774452003325380112e+00 -4.136162647183254659e-01 1.665189276403565177e+00 -1.000000000000000056e-01 1.652350649646486147e+00 1.221033490227533047e+00 1.821841650190165751e+00 6.840760617853433034e-01
-1.000000000000000056e-01 1.000000000000000056e-01 -4.733498488106278046e-01 1.784189449403438488e+00 -1.000000000000000056e-01 1.000000000000000056e-01 1.204683384785085298e+00 1.962406170316211895e+00 6.835216485679558307e-01
-1.000000000000000056e-01 1.000000000000000056e-01 -4.724727329913582241e-01 1.805575408403786941e+00 -1.000000000000000056e-01 1.000000000000000056e-01 1.204924222081216412e+00 1.960532603276826435e+00 6.835674135027247633e-01
