-1.000000000000000056e-01 2.325157781650793787e+00 -4.136197392980774934e-01 2.387831210432777240e+00 -1.109494099720381988e-01 2.036237650370456453e+00 1.221013493916379256e+00 1.821814552910420382e+00 1.176656444420459247e+00
-1.000000000000000056e-01 1.884897965914658968e+00 -4.136433977964268371e-01 1.999129499398920151e+00 -1.109515554075392180e-01 1.453162031001601129e+00 1.221010876755895813e+00 1.821880698666133780e+00 1.176659504286152513e+00
-1.000000000000000056e-01 5.396140781956249022e-01 -4.799610322242957583e-01 9.999999999999997780e-02 -1.277907668992718793e-01 9.999999999999997780e-02 1.189954189956548891e+00 1.864577727359905790e+00 1.183626282643946981e+00
-1.438017737556515907e-01 6.666610890258403144e-01 -4.319725005247980754e-01 1.873200523036180343e+00 -1.207427741678600425e-01 6.503996947164004672e-01 1.253014414882065886e+00 1.681022010791839882e+00 1.209823980567422685e+00
-1.000000000000000056e-01 5.396156004482730584e-01 -4.799615308178074580e-01 1.000000000000000056e-01 -1.277914416047373769e-01 1.000000000000000056e-01 1.189950444131297358e+00 1.864578654696331883e+00 1.183627043342599494e+00
-1.000000000000000056e-01 5.396232912803060611e-01 -4.799620834768627553e-01 1.000000000000000056e-01 -1.277922771321821360e-01 1.000000000000000056e-01 1.189958371711740570e+00 1.864585705217767675e+00 1.183629227904627879e+00
-1.000000000000000056e-01 2.661553981098450095e+00 -4.136191057246618730e-01 1.443937305271307814e+00 -1.109471787628733552e-01 1.736278031895205354e+00 1.221002811528942189e+00 1.821820795040985486e+00 1.176648291425773651e+00
-1.000000000000000056e-01 3.257889343838227258e+00 -4.136164596692896156e-01 1.573022856758849342e+00 -1.109564498194761245e-01 2.329240347182161663e+00 1.221011557763642896e+00 1.821824175469441753e+00 1.176704405786634489e+00
-1.000000000000000056e-01 3.269610550693417217e+00 -4.136246617270116777e-01 1.598734222664495608e+00 -1.109458732553855465e-01 2.457429504275988830e+00 1.220995080818318534e+00 1.821838668062619737e+00 1.176654330295070938e+00
-1.000000000000000056e-01 5.396110282569624994e-01 -4.799612400976763782e-01 1.000000000000000056e-01 -1.277910817662338827e-01 1.000000000000000056e-01 1.189955242683511605e+00 1.864577329151714924e+00 1.183622615139331646e+00
-1.000000000000000056e-01 2.486248599897176614e+00 -4.136228026832041715e-01 1.091906622591937381e+00 -1.109509855455631105e-01 1.327171053255393973e+00 1.221008032952277000e+00 1.821828384141583879e+00 1.176654636916694585e+00
-1.000000000000000056e-01 2.498842115850954837e+00 -4.136245736712539922e-01 1.670137344259100098e+00 -1.109526589677946318e-01 1.745726792862682952e+00 1.221005320225269752e+00 1.821844119751045543e+00 1.176674219062915139e+00
-1.000000000000000056e-01 1.080444309820521726e-01 -4.420034237532535215e-01 2.905652376548401250e+00 -1.204046418279404729e-01 1.000000000000000056e-01 1.213485956253098630e+00 1.891008899062989412e+00 1.200166881772542160e+00
-1.000000000000000056e-01 1.816018962948480420e+00 -4.137168602280210661e-01 1.636949128283336163e+00 -1.109815939827466375e-01 8.162846745226125522e-01 1.220994815469374828e+00 1.822052507245391473e+00 1.176737738187030091e+00
-1.000000000000000056e-01 2.049029477678457223e+00 -4.136338410357346396e-01 1.666711625063468594e+00 -1.109551541496378996e-01 1.320343778631063447e+00 1.221007876995497288e+00 1.821853687178603520e+00 1.176674732463846462e+00
-1.000000000000000056e-01 1.118335335727652202e+00 -4.139600433118992839e-01 1.953485077272911763e+00 -1.110595966061251744e-01 1.142141652278114261e+00 1.220909355477101110e+00 1.822627970342454606e+00 1.176932554286768129e+00
-1.000000000000000056e-01 5.396156832975301798e-01 -4.799599147106065611e-01 1.000000000000000056e-01 -1.277909907662272138e-01 1.000000000000000056e-01 1.189955500406841171e+00 1.864575504093264557e+00 1.183624286113153623e+00
-1.000000000000000056e-01 1.837932439658260142e+00 -4.136306938738256722e-01 2.386981009287844291e+00 -1.109534892399115652e-01 1.625779565288761219e+00 1.221008866732365750e+00 1.821853453675838841e+00 1.176670602098206952e+00
-1.000000000000000056e-01 5.396143682433978128e-01 -4.799605925581882371e-01 1.000000000000000056e-01 -1.277909981287407015e-01 9.999999999999992228e-02 1.189956323842977781e+00 1.864577814316176196e+00 1.183625949086803741e+00
-1.000000000000000056e-01 2.015615114613798831e+00 -4.136433970470048682e-01 1.569028997689671412e+00 -1.109561622740757036e-01 1.237651156478908776e+00 1.221005771363960157e+00 1.821877960064488766e+00 1.176678677904859027e+00
