-1.290000000000000036e+00
-7.800000000000000266e-01
2.859999999999999876e+00
-1.229999999999999982e+00
-8.100000000000000533e-01
2.839999999999999858e+00
-1.159999999999999920e+00
-8.599999999999999867e-01
2.819999999999999840e+00
-1.040000000000000036e+00
2.799999999999999822e+00
-1.000000000000000000e+00
2.779999999999999805e+00
-9.899999999999999911e-01
2.759999999999999787e+00
-9.799999999999999822e-01
2.740000000000000213e+00
-9.799999999999999822e-01
2.720000000000000195e+00
-9.699999999999999734e-01
2.700000000000000178e+00
-1.239999999999999991e+00
2.859999999999999876e+00
-1.020000000000000018e+00
2.839999999999999858e+00
-1.010000000000000009e+00
2.819999999999999840e+00
-1.000000000000000000e+00
2.790000000000000036e+00
-1.169999999999999929e+00
-8.800000000000000044e-01
2.859999999999999876e+00
-1.010000000000000009e+00
2.830000000000000071e+00
-1.020000000000000018e+00
2.859999999999999876e+00
-1.010000000000000009e+00
2.830000000000000071e+00
-1.020000000000000018e+00
2.850000000000000089e+00
-1.020000000000000018e+00
2.850000000000000089e+00
-1.020000000000000018e+00
2.850000000000000089e+00
-1.020000000000000018e+00
2.850000000000000089e+00
-1.229999999999999982e+00
2.839999999999999858e+00
-1.159999999999999920e+00
-8.699999999999999956e-01
2.819999999999999840e+00
-1.020000000000000018e+00
-9.799999999999999822e-01
2.799999999999999822e+00
-1.000000000000000000e+00
2.779999999999999805e+00
-9.899999999999999911e-01
2.759999999999999787e+00
-9.799999999999999822e-01
2.740000000000000213e+00
-9.799999999999999822e-01
2.720000000000000195e+00
-1.020000000000000018e+00
2.839999999999999858e+00
-1.010000000000000009e+00
2.819999999999999840e+00
-1.000000000000000000e+00
2.790000000000000036e+00
-1.020000000000000018e+00
2.830000000000000071e+00
-1.010000000000000009e+00
2.830000000000000071e+00
-1.149999999999999911e+00
-8.699999999999999956e-01
2.819999999999999840e+00
-1.000000000000000000e+00
2.799999999999999822e+00
-1.000000000000000000e+00
2.779999999999999805e+00
-9.899999999999999911e-01
2.759999999999999787e+00
-9.799999999999999822e-01
2.740000000000000213e+00
-9.799999999999999822e-01
2.720000000000000195e+00
-1.010000000000000009e+00
2.819999999999999840e+00
-1.000000000000000000e+00
2.790000000000000036e+00
-1.000000000000000000e+00
2.799999999999999822e+00
-1.000000000000000000e+00
2.779999999999999805e+00
-9.899999999999999911e-01
2.759999999999999787e+00
-9.799999999999999822e-01
2.740000000000000213e+00
-9.799999999999999822e-01
2.720000000000000195e+00
-1.000000000000000000e+00
2.790000000000000036e+00
-1.000000000000000000e+00
2.779999999999999805e+00
-9.899999999999999911e-01
2.759999999999999787e+00
-9.799999999999999822e-01
2.740000000000000213e+00
-9.799999999999999822e-01
2.720000000000000195e+00
-9.899999999999999911e-01
2.759999999999999787e+00
-9.799999999999999822e-01
2.740000000000000213e+00
-9.799999999999999822e-01
2.720000000000000195e+00
-9.799999999999999822e-01
2.740000000000000213e+00
-9.799999999999999822e-01
2.720000000000000195e+00
-9.799999999999999822e-01
2.720000000000000195e+00
-1.219999999999999973e+00
-8.100000000000000533e-01
2.819999999999999840e+00
-1.030000000000000027e+00
-9.499999999999999556e-01
2.759999999999999787e+00
-9.699999999999999734e-01
2.700000000000000178e+00
-9.499999999999999556e-01
2.640000000000000124e+00
-1.159999999999999920e+00
-8.699999999999999956e-01
2.819999999999999840e+00
-9.899999999999999911e-01
2.759999999999999787e+00
-1.010000000000000009e+00
2.819999999999999840e+00
-9.899999999999999911e-01
2.750000000000000000e+00
-1.010000000000000009e+00
2.819999999999999840e+00
-1.010000000000000009e+00
2.819999999999999840e+00
-1.010000000000000009e+00
2.810000000000000053e+00
-1.010000000000000009e+00
2.810000000000000053e+00
-1.000000000000000000e+00
-9.799999999999999822e-01
2.759999999999999787e+00
-9.699999999999999734e-01
2.700000000000000178e+00
-9.499999999999999556e-01
2.640000000000000124e+00
-9.899999999999999911e-01
2.759999999999999787e+00
-9.899999999999999911e-01
2.759999999999999787e+00
-9.699999999999999734e-01
2.700000000000000178e+00
-9.499999999999999556e-01
2.640000000000000124e+00
-9.499999999999999556e-01
2.640000000000000124e+00
-1.149999999999999911e+00
-8.499999999999999778e-01
2.779999999999999805e+00
-9.599999999999999645e-01
2.680000000000000160e+00
-1.020000000000000018e+00
-9.699999999999999734e-01
2.779999999999999805e+00
-9.599999999999999645e-01
2.680000000000000160e+00
-1.000000000000000000e+00
2.779999999999999805e+00
-1.000000000000000000e+00
2.779999999999999805e+00
-1.000000000000000000e+00
2.779999999999999805e+00
-9.899999999999999911e-01
2.770000000000000018e+00
-9.599999999999999645e-01
2.680000000000000160e+00
-9.599999999999999645e-01
2.680000000000000160e+00
-1.020000000000000018e+00
-9.399999999999999467e-01
2.740000000000000213e+00
-9.399999999999999467e-01
2.600000000000000089e+00
-9.799999999999999822e-01
2.740000000000000213e+00
-9.799999999999999822e-01
2.740000000000000213e+00
-9.799999999999999822e-01
2.740000000000000213e+00
-9.799999999999999822e-01
2.740000000000000213e+00
-9.399999999999999467e-01
2.600000000000000089e+00
-9.699999999999999734e-01
2.700000000000000178e+00
-9.699999999999999734e-01
2.700000000000000178e+00
-9.699999999999999734e-01
2.700000000000000178e+00
-9.699999999999999734e-01
2.700000000000000178e+00
-9.599999999999999645e-01
2.660000000000000142e+00
-9.599999999999999645e-01
2.660000000000000142e+00
-9.599999999999999645e-01
2.660000000000000142e+00
-9.399999999999999467e-01
2.620000000000000107e+00
-9.399999999999999467e-01
2.620000000000000107e+00
-9.300000000000000488e-01
2.580000000000000071e+00
