-1.159999999999999920e+00
-6.899999999999999467e-01
3.060000000000000053e+00
-1.110000000000000098e+00
-7.299999999999999822e-01
3.040000000000000036e+00
-1.050000000000000044e+00
-7.700000000000000178e-01
3.020000000000000018e+00
-9.399999999999999467e-01
3.000000000000000000e+00
-9.000000000000000222e-01
2.979999999999999982e+00
-8.900000000000000133e-01
2.950000000000000178e+00
-8.800000000000000044e-01
2.930000000000000160e+00
-8.800000000000000044e-01
2.910000000000000142e+00
-8.699999999999999956e-01
2.890000000000000124e+00
-1.100000000000000089e+00
3.020000000000000018e+00
-8.900000000000000133e-01
2.959999999999999964e+00
-8.699999999999999956e-01
2.899999999999999911e+00
-8.499999999999999778e-01
2.839999999999999858e+00
-1.020000000000000018e+00
-7.700000000000000178e-01
2.979999999999999982e+00
-8.599999999999999867e-01
2.879999999999999893e+00
-8.800000000000000044e-01
2.939999999999999947e+00
-8.299999999999999600e-01
2.799999999999999822e+00
-8.699999999999999956e-01
2.899999999999999911e+00
-8.499999999999999778e-01
2.859999999999999876e+00
-8.399999999999999689e-01
2.819999999999999840e+00
-8.299999999999999600e-01
2.779999999999999805e+00
-1.110000000000000098e+00
3.040000000000000036e+00
-1.050000000000000044e+00
-7.800000000000000266e-01
3.020000000000000018e+00
-9.200000000000000400e-01
-8.800000000000000044e-01
3.000000000000000000e+00
-9.000000000000000222e-01
2.979999999999999982e+00
-8.900000000000000133e-01
2.950000000000000178e+00
-8.800000000000000044e-01
2.930000000000000160e+00
-8.800000000000000044e-01
2.910000000000000142e+00
-8.900000000000000133e-01
2.959999999999999964e+00
-8.699999999999999956e-01
2.899999999999999911e+00
-8.499999999999999778e-01
2.839999999999999858e+00
-8.599999999999999867e-01
2.879999999999999893e+00
-8.299999999999999600e-01
2.799999999999999822e+00
-1.040000000000000036e+00
-7.800000000000000266e-01
3.020000000000000018e+00
-9.000000000000000222e-01
3.000000000000000000e+00
-9.000000000000000222e-01
2.979999999999999982e+00
-8.900000000000000133e-01
2.950000000000000178e+00
-8.800000000000000044e-01
2.930000000000000160e+00
-8.800000000000000044e-01
2.910000000000000142e+00
-8.699999999999999956e-01
2.899999999999999911e+00
-8.499999999999999778e-01
2.839999999999999858e+00
-9.000000000000000222e-01
3.000000000000000000e+00
-9.000000000000000222e-01
2.979999999999999982e+00
-8.900000000000000133e-01
2.959999999999999964e+00
-8.900000000000000133e-01
2.930000000000000160e+00
-8.800000000000000044e-01
2.910000000000000142e+00
-8.499999999999999778e-01
2.839999999999999858e+00
-9.000000000000000222e-01
2.979999999999999982e+00
-8.900000000000000133e-01
2.959999999999999964e+00
-8.900000000000000133e-01
2.930000000000000160e+00
-8.800000000000000044e-01
2.910000000000000142e+00
-8.900000000000000133e-01
2.959999999999999964e+00
-8.900000000000000133e-01
2.930000000000000160e+00
-8.800000000000000044e-01
2.910000000000000142e+00
-8.900000000000000133e-01
2.930000000000000160e+00
-8.800000000000000044e-01
2.910000000000000142e+00
-8.800000000000000044e-01
2.910000000000000142e+00
-1.120000000000000107e+00
-7.299999999999999822e-01
3.060000000000000053e+00
-9.599999999999999645e-01
-8.800000000000000044e-01
3.029999999999999805e+00
-9.100000000000000311e-01
3.009999999999999787e+00
-9.100000000000000311e-01
2.990000000000000213e+00
-1.050000000000000044e+00
-7.800000000000000266e-01
3.020000000000000018e+00
-8.900000000000000133e-01
2.950000000000000178e+00
-8.900000000000000133e-01
2.979999999999999982e+00
-8.599999999999999867e-01
2.879999999999999893e+00
-8.800000000000000044e-01
2.939999999999999947e+00
-8.699999999999999956e-01
2.899999999999999911e+00
-8.599999999999999867e-01
2.859999999999999876e+00
-8.399999999999999689e-01
2.819999999999999840e+00
-9.300000000000000488e-01
-9.100000000000000311e-01
3.029999999999999805e+00
-9.100000000000000311e-01
3.009999999999999787e+00
-9.100000000000000311e-01
2.990000000000000213e+00
-8.900000000000000133e-01
2.959999999999999964e+00
-8.699999999999999956e-01
2.879999999999999893e+00
-9.100000000000000311e-01
3.009999999999999787e+00
-9.100000000000000311e-01
2.990000000000000213e+00
-9.100000000000000311e-01
2.990000000000000213e+00
-1.070000000000000062e+00
-7.800000000000000266e-01
3.060000000000000053e+00
-9.200000000000000400e-01
3.029999999999999805e+00
-9.300000000000000488e-01
-8.900000000000000133e-01
3.020000000000000018e+00
-8.900000000000000133e-01
2.950000000000000178e+00
-9.000000000000000222e-01
2.979999999999999982e+00
-8.800000000000000044e-01
2.939999999999999947e+00
-8.699999999999999956e-01
2.899999999999999911e+00
-8.599999999999999867e-01
2.859999999999999876e+00
-9.200000000000000400e-01
3.029999999999999805e+00
-9.000000000000000222e-01
2.950000000000000178e+00
-9.599999999999999645e-01
-8.900000000000000133e-01
3.049999999999999822e+00
-9.200000000000000400e-01
3.029999999999999805e+00
-9.100000000000000311e-01
3.009999999999999787e+00
-9.000000000000000222e-01
2.970000000000000195e+00
-8.900000000000000133e-01
2.930000000000000160e+00
-8.699999999999999956e-01
2.890000000000000124e+00
-9.200000000000000400e-01
3.029999999999999805e+00
-9.300000000000000488e-01
3.049999999999999822e+00
-9.100000000000000311e-01
3.009999999999999787e+00
-9.000000000000000222e-01
2.970000000000000195e+00
-8.900000000000000133e-01
2.930000000000000160e+00
-9.300000000000000488e-01
3.049999999999999822e+00
-9.100000000000000311e-01
3.009999999999999787e+00
-9.000000000000000222e-01
2.970000000000000195e+00
-9.300000000000000488e-01
3.049999999999999822e+00
-9.100000000000000311e-01
3.009999999999999787e+00
-9.300000000000000488e-01
3.049999999999999822e+00
