-1.080000000000000071e+00
2.799999999999999822e+00
-1.080000000000000071e+00
2.779999999999999805e+00
-1.070000000000000062e+00
2.759999999999999787e+00
-1.070000000000000062e+00
2.759999999999999787e+00
-1.060000000000000053e+00
2.720000000000000195e+00
-1.070000000000000062e+00
2.779999999999999805e+00
-1.070000000000000062e+00
2.759999999999999787e+00
-1.070000000000000062e+00
2.759999999999999787e+00
-1.080000000000000071e+00
2.799999999999999822e+00
-1.070000000000000062e+00
2.759999999999999787e+00
-1.080000000000000071e+00
2.799999999999999822e+00
