-1.320000000000000062e+00
-8.900000000000000133e-01
2.709999999999999964e+00
-1.250000000000000000e+00
-9.300000000000000488e-01
2.689999999999999947e+00
-1.129999999999999893e+00
-1.030000000000000027e+00
2.669999999999999929e+00
-1.070000000000000062e+00
2.649999999999999911e+00
-1.060000000000000053e+00
2.629999999999999893e+00
-1.060000000000000053e+00
2.609999999999999876e+00
-1.050000000000000044e+00
2.589999999999999858e+00
-1.040000000000000036e+00
2.569999999999999840e+00
-1.239999999999999991e+00
-9.499999999999999556e-01
2.709999999999999964e+00
-1.080000000000000071e+00
2.689999999999999947e+00
-1.070000000000000062e+00
2.669999999999999929e+00
-1.060000000000000053e+00
2.649999999999999911e+00
-1.090000000000000080e+00
2.709999999999999964e+00
-1.080000000000000071e+00
2.689999999999999947e+00
-1.090000000000000080e+00
2.709999999999999964e+00
-1.090000000000000080e+00
2.709999999999999964e+00
-1.090000000000000080e+00
2.709999999999999964e+00
-1.080000000000000071e+00
2.700000000000000178e+00
-1.239999999999999991e+00
-9.499999999999999556e-01
2.689999999999999947e+00
-1.080000000000000071e+00
2.669999999999999929e+00
-1.070000000000000062e+00
2.649999999999999911e+00
-1.070000000000000062e+00
2.629999999999999893e+00
-1.060000000000000053e+00
2.609999999999999876e+00
-1.050000000000000044e+00
2.589999999999999858e+00
-1.040000000000000036e+00
2.569999999999999840e+00
-1.090000000000000080e+00
2.689999999999999947e+00
-1.080000000000000071e+00
2.669999999999999929e+00
-1.080000000000000071e+00
2.689999999999999947e+00
-1.080000000000000071e+00
2.669999999999999929e+00
-1.070000000000000062e+00
2.649999999999999911e+00
-1.070000000000000062e+00
2.629999999999999893e+00
-1.060000000000000053e+00
2.609999999999999876e+00
-1.050000000000000044e+00
2.589999999999999858e+00
-1.040000000000000036e+00
2.569999999999999840e+00
-1.080000000000000071e+00
2.669999999999999929e+00
-1.080000000000000071e+00
2.649999999999999911e+00
-1.070000000000000062e+00
2.629999999999999893e+00
-1.060000000000000053e+00
2.609999999999999876e+00
-1.050000000000000044e+00
2.589999999999999858e+00
-1.070000000000000062e+00
2.629999999999999893e+00
-1.060000000000000053e+00
2.609999999999999876e+00
-1.050000000000000044e+00
2.589999999999999858e+00
-1.060000000000000053e+00
2.609999999999999876e+00
-1.050000000000000044e+00
2.589999999999999858e+00
-1.050000000000000044e+00
2.589999999999999858e+00
-1.239999999999999991e+00
-9.300000000000000488e-01
2.669999999999999929e+00
-1.060000000000000053e+00
2.609999999999999876e+00
-1.040000000000000036e+00
2.549999999999999822e+00
-1.020000000000000018e+00
2.490000000000000213e+00
-1.080000000000000071e+00
2.669999999999999929e+00
-1.060000000000000053e+00
2.609999999999999876e+00
-1.080000000000000071e+00
2.669999999999999929e+00
-1.050000000000000044e+00
2.609999999999999876e+00
-1.080000000000000071e+00
2.669999999999999929e+00
-1.080000000000000071e+00
2.669999999999999929e+00
-1.070000000000000062e+00
2.669999999999999929e+00
-1.060000000000000053e+00
2.609999999999999876e+00
-1.040000000000000036e+00
2.549999999999999822e+00
-1.020000000000000018e+00
2.490000000000000213e+00
-1.060000000000000053e+00
2.609999999999999876e+00
-1.040000000000000036e+00
2.549999999999999822e+00
-1.020000000000000018e+00
2.490000000000000213e+00
-1.120000000000000107e+00
2.629999999999999893e+00
-1.040000000000000036e+00
2.529999999999999805e+00
-1.070000000000000062e+00
2.629999999999999893e+00
-1.030000000000000027e+00
2.529999999999999805e+00
-1.070000000000000062e+00
2.629999999999999893e+00
-1.070000000000000062e+00
2.629999999999999893e+00
-1.060000000000000053e+00
2.629999999999999893e+00
-1.040000000000000036e+00
2.529999999999999805e+00
-1.060000000000000053e+00
2.589999999999999858e+00
-1.010000000000000009e+00
2.450000000000000178e+00
-1.060000000000000053e+00
2.589999999999999858e+00
-1.050000000000000044e+00
2.589999999999999858e+00
-1.050000000000000044e+00
2.589999999999999858e+00
-1.010000000000000009e+00
2.450000000000000178e+00
-1.040000000000000036e+00
2.549999999999999822e+00
-1.040000000000000036e+00
2.549999999999999822e+00
-1.040000000000000036e+00
2.549999999999999822e+00
-1.030000000000000027e+00
2.509999999999999787e+00
-1.030000000000000027e+00
2.509999999999999787e+00
-1.030000000000000027e+00
2.509999999999999787e+00
-1.020000000000000018e+00
2.470000000000000195e+00
-1.020000000000000018e+00
2.470000000000000195e+00
-1.000000000000000000e+00
2.430000000000000160e+00
