-9.799999999999999822e-01
2.569999999999999840e+00
-1.419999999999999929e+00
2.770000000000000018e+00
-1.379999999999999893e+00
-7.199999999999999734e-01
2.750000000000000000e+00
-1.340000000000000080e+00
-7.500000000000000000e-01
2.729999999999999982e+00
-1.290000000000000036e+00
-7.800000000000000266e-01
2.709999999999999964e+00
-1.229999999999999982e+00
2.689999999999999947e+00
-1.159999999999999920e+00
-8.599999999999999867e-01
2.669999999999999929e+00
-1.030000000000000027e+00
-9.799999999999999822e-01
2.649999999999999911e+00
-9.899999999999999911e-01
2.629999999999999893e+00
-9.899999999999999911e-01
2.609999999999999876e+00
-1.389999999999999902e+00
2.770000000000000018e+00
-1.300000000000000044e+00
-7.900000000000000355e-01
2.750000000000000000e+00
-1.169999999999999929e+00
-8.900000000000000133e-01
2.729999999999999982e+00
-1.020000000000000018e+00
2.709999999999999964e+00
-1.010000000000000009e+00
2.689999999999999947e+00
-1.000000000000000000e+00
2.660000000000000142e+00
-1.350000000000000089e+00
-7.600000000000000089e-01
2.770000000000000018e+00
-1.169999999999999929e+00
-9.000000000000000222e-01
2.750000000000000000e+00
-1.020000000000000018e+00
2.729999999999999982e+00
-1.300000000000000044e+00
-8.000000000000000444e-01
2.770000000000000018e+00
-1.030000000000000027e+00
2.750000000000000000e+00
-1.239999999999999991e+00
-8.599999999999999867e-01
2.770000000000000018e+00
-1.020000000000000018e+00
2.740000000000000213e+00
-1.149999999999999911e+00
-9.399999999999999467e-01
2.770000000000000018e+00
-1.040000000000000036e+00
2.770000000000000018e+00
-1.040000000000000036e+00
2.770000000000000018e+00
-1.030000000000000027e+00
2.759999999999999787e+00
-1.379999999999999893e+00
2.750000000000000000e+00
-1.330000000000000071e+00
-7.500000000000000000e-01
2.729999999999999982e+00
-1.280000000000000027e+00
-7.800000000000000266e-01
2.709999999999999964e+00
-1.219999999999999973e+00
-8.199999999999999512e-01
2.689999999999999947e+00
-1.149999999999999911e+00
-8.699999999999999956e-01
2.669999999999999929e+00
-1.000000000000000000e+00
2.649999999999999911e+00
-9.899999999999999911e-01
2.629999999999999893e+00
-9.899999999999999911e-01
2.609999999999999876e+00
-9.799999999999999822e-01
2.589999999999999858e+00
-1.290000000000000036e+00
-8.000000000000000444e-01
2.750000000000000000e+00
-1.149999999999999911e+00
-9.100000000000000311e-01
2.729999999999999982e+00
-1.020000000000000018e+00
2.709999999999999964e+00
-1.010000000000000009e+00
2.689999999999999947e+00
-1.129999999999999893e+00
-9.499999999999999556e-01
2.750000000000000000e+00
-1.020000000000000018e+00
2.729999999999999982e+00
-1.030000000000000027e+00
2.750000000000000000e+00
-1.030000000000000027e+00
2.740000000000000213e+00
-1.330000000000000071e+00
-7.600000000000000089e-01
2.729999999999999982e+00
-1.280000000000000027e+00
-7.900000000000000355e-01
2.709999999999999964e+00
-1.219999999999999973e+00
-8.199999999999999512e-01
2.689999999999999947e+00
-1.149999999999999911e+00
-8.800000000000000044e-01
2.669999999999999929e+00
-1.000000000000000000e+00
2.649999999999999911e+00
-1.000000000000000000e+00
2.629999999999999893e+00
-9.899999999999999911e-01
2.609999999999999876e+00
-9.799999999999999822e-01
2.589999999999999858e+00
-1.120000000000000107e+00
-9.399999999999999467e-01
2.729999999999999982e+00
-1.020000000000000018e+00
2.709999999999999964e+00
-1.010000000000000009e+00
2.689999999999999947e+00
-1.030000000000000027e+00
2.729999999999999982e+00
-1.280000000000000027e+00
-7.900000000000000355e-01
2.709999999999999964e+00
-1.219999999999999973e+00
-8.299999999999999600e-01
2.689999999999999947e+00
-1.139999999999999902e+00
-8.900000000000000133e-01
2.669999999999999929e+00
-1.000000000000000000e+00
2.649999999999999911e+00
-1.000000000000000000e+00
2.629999999999999893e+00
-9.899999999999999911e-01
2.609999999999999876e+00
-9.799999999999999822e-01
2.589999999999999858e+00
-9.699999999999999734e-01
2.569999999999999840e+00
-1.020000000000000018e+00
2.709999999999999964e+00
-1.010000000000000009e+00
2.689999999999999947e+00
-1.209999999999999964e+00
-8.299999999999999600e-01
2.689999999999999947e+00
-1.129999999999999893e+00
-8.900000000000000133e-01
2.669999999999999929e+00
-1.000000000000000000e+00
2.649999999999999911e+00
-1.000000000000000000e+00
2.629999999999999893e+00
-9.899999999999999911e-01
2.609999999999999876e+00
-9.799999999999999822e-01
2.589999999999999858e+00
-9.699999999999999734e-01
2.569999999999999840e+00
-1.010000000000000009e+00
2.689999999999999947e+00
-1.120000000000000107e+00
-9.000000000000000222e-01
2.669999999999999929e+00
-1.000000000000000000e+00
2.649999999999999911e+00
-1.000000000000000000e+00
2.629999999999999893e+00
-9.899999999999999911e-01
2.609999999999999876e+00
-9.799999999999999822e-01
2.589999999999999858e+00
-9.699999999999999734e-01
2.569999999999999840e+00
-1.000000000000000000e+00
2.649999999999999911e+00
-1.000000000000000000e+00
2.629999999999999893e+00
-9.899999999999999911e-01
2.609999999999999876e+00
-9.799999999999999822e-01
2.589999999999999858e+00
-9.699999999999999734e-01
2.569999999999999840e+00
-1.000000000000000000e+00
2.629999999999999893e+00
-9.899999999999999911e-01
2.609999999999999876e+00
-9.799999999999999822e-01
2.589999999999999858e+00
-9.799999999999999822e-01
2.569999999999999840e+00
-9.899999999999999911e-01
2.609999999999999876e+00
-9.799999999999999822e-01
2.589999999999999858e+00
-9.799999999999999822e-01
2.569999999999999840e+00
-1.370000000000000107e+00
-7.199999999999999734e-01
2.729999999999999982e+00
-7.700000000000000178e-01
2.669999999999999929e+00
-1.139999999999999902e+00
-8.499999999999999778e-01
2.609999999999999876e+00
-9.699999999999999734e-01
2.549999999999999822e+00
-9.499999999999999556e-01
2.490000000000000213e+00
-9.300000000000000488e-01
2.430000000000000160e+00
-1.330000000000000071e+00
-7.500000000000000000e-01
2.729999999999999982e+00
-1.149999999999999911e+00
-8.699999999999999956e-01
2.669999999999999929e+00
-9.899999999999999911e-01
2.609999999999999876e+00
-9.699999999999999734e-01
2.549999999999999822e+00
-1.290000000000000036e+00
2.729999999999999982e+00
-1.010000000000000009e+00
2.669999999999999929e+00
-1.229999999999999982e+00
-8.399999999999999689e-01
2.729999999999999982e+00
-1.000000000000000000e+00
2.669999999999999929e+00
-1.149999999999999911e+00
2.729999999999999982e+00
-1.030000000000000027e+00
2.729999999999999982e+00
-1.030000000000000027e+00
2.729999999999999982e+00
-1.020000000000000018e+00
2.729999999999999982e+00
-1.020000000000000018e+00
2.720000000000000195e+00
-1.260000000000000009e+00
2.669999999999999929e+00
-1.129999999999999893e+00
-8.599999999999999867e-01
2.609999999999999876e+00
-9.699999999999999734e-01
2.549999999999999822e+00
-9.499999999999999556e-01
2.490000000000000213e+00
-1.129999999999999893e+00
-8.900000000000000133e-01
2.669999999999999929e+00
-9.899999999999999911e-01
2.609999999999999876e+00
-1.010000000000000009e+00
2.669999999999999929e+00
-1.010000000000000009e+00
2.669999999999999929e+00
-1.120000000000000107e+00
2.609999999999999876e+00
-9.699999999999999734e-01
2.549999999999999822e+00
-9.499999999999999556e-01
2.490000000000000213e+00
-9.899999999999999911e-01
2.609999999999999876e+00
-9.699999999999999734e-01
2.549999999999999822e+00
-9.499999999999999556e-01
2.490000000000000213e+00
-9.499999999999999556e-01
2.490000000000000213e+00
-1.320000000000000062e+00
-7.399999999999999911e-01
2.689999999999999947e+00
-1.129999999999999893e+00
-8.399999999999999689e-01
2.589999999999999858e+00
-9.499999999999999556e-01
2.490000000000000213e+00
-1.270000000000000018e+00
-7.800000000000000266e-01
2.689999999999999947e+00
-9.799999999999999822e-01
2.589999999999999858e+00
-9.499999999999999556e-01
2.490000000000000213e+00
-1.219999999999999973e+00
-8.199999999999999512e-01
2.689999999999999947e+00
-9.799999999999999822e-01
2.589999999999999858e+00
-1.149999999999999911e+00
-8.900000000000000133e-01
2.689999999999999947e+00
-1.020000000000000018e+00
2.689999999999999947e+00
-1.010000000000000009e+00
2.689999999999999947e+00
-1.010000000000000009e+00
2.689999999999999947e+00
-1.010000000000000009e+00
2.689999999999999947e+00
-1.010000000000000009e+00
2.680000000000000160e+00
-1.120000000000000107e+00
2.589999999999999858e+00
-9.499999999999999556e-01
2.490000000000000213e+00
-9.799999999999999822e-01
2.589999999999999858e+00
-9.799999999999999822e-01
2.589999999999999858e+00
-9.499999999999999556e-01
2.500000000000000000e+00
-1.260000000000000009e+00
-7.600000000000000089e-01
-9.599999999999999645e-01
2.509999999999999787e+00
-1.209999999999999964e+00
2.649999999999999911e+00
-9.599999999999999645e-01
2.509999999999999787e+00
-1.139999999999999902e+00
-8.699999999999999956e-01
2.649999999999999911e+00
-1.000000000000000000e+00
2.649999999999999911e+00
-1.000000000000000000e+00
2.649999999999999911e+00
-1.000000000000000000e+00
2.649999999999999911e+00
-1.000000000000000000e+00
2.649999999999999911e+00
-1.000000000000000000e+00
2.649999999999999911e+00
-9.599999999999999645e-01
2.520000000000000018e+00
-9.599999999999999645e-01
2.509999999999999787e+00
-1.189999999999999947e+00
2.609999999999999876e+00
-9.300000000000000488e-01
2.439999999999999947e+00
-1.129999999999999893e+00
2.609999999999999876e+00
-9.899999999999999911e-01
2.609999999999999876e+00
-9.899999999999999911e-01
2.609999999999999876e+00
-9.899999999999999911e-01
2.609999999999999876e+00
-9.899999999999999911e-01
2.609999999999999876e+00
-9.899999999999999911e-01
2.609999999999999876e+00
-9.300000000000000488e-01
2.439999999999999947e+00
-1.120000000000000107e+00
-8.399999999999999689e-01
2.569999999999999840e+00
-9.799999999999999822e-01
2.569999999999999840e+00
-9.799999999999999822e-01
2.569999999999999840e+00
-9.799999999999999822e-01
2.569999999999999840e+00
-9.799999999999999822e-01
2.569999999999999840e+00
-9.699999999999999734e-01
2.569999999999999840e+00
-9.599999999999999645e-01
2.540000000000000036e+00
-9.599999999999999645e-01
2.529999999999999805e+00
-9.599999999999999645e-01
2.529999999999999805e+00
-9.599999999999999645e-01
2.529999999999999805e+00
-9.599999999999999645e-01
2.529999999999999805e+00
-9.499999999999999556e-01
2.500000000000000000e+00
-9.499999999999999556e-01
2.490000000000000213e+00
-9.499999999999999556e-01
2.490000000000000213e+00
-9.499999999999999556e-01
2.490000000000000213e+00
-9.399999999999999467e-01
2.459999999999999964e+00
-9.399999999999999467e-01
2.459999999999999964e+00
-9.399999999999999467e-01
2.450000000000000178e+00
