-9.699999999999999734e-01
-6.700000000000000400e-01
3.250000000000000000e+00
-9.000000000000000222e-01
3.229999999999999982e+00
-8.100000000000000533e-01
3.209999999999999964e+00
-8.000000000000000444e-01
3.189999999999999947e+00
-8.000000000000000444e-01
3.169999999999999929e+00
-7.900000000000000355e-01
3.149999999999999911e+00
-7.800000000000000266e-01
3.129999999999999893e+00
-8.699999999999999956e-01
-7.399999999999999911e-01
3.209999999999999964e+00
-7.900000000000000355e-01
3.149999999999999911e+00
-7.700000000000000178e-01
3.089999999999999858e+00
-7.900000000000000355e-01
3.180000000000000160e+00
-7.600000000000000089e-01
3.069999999999999840e+00
-7.800000000000000266e-01
3.140000000000000124e+00
-7.700000000000000178e-01
3.100000000000000089e+00
-7.500000000000000000e-01
3.060000000000000053e+00
-8.800000000000000044e-01
-7.399999999999999911e-01
3.229999999999999982e+00
-8.100000000000000533e-01
3.209999999999999964e+00
-8.000000000000000444e-01
3.189999999999999947e+00
-8.000000000000000444e-01
3.169999999999999929e+00
-7.900000000000000355e-01
3.149999999999999911e+00
-7.900000000000000355e-01
3.129999999999999893e+00
-7.700000000000000178e-01
3.089999999999999858e+00
-7.600000000000000089e-01
3.080000000000000071e+00
-8.100000000000000533e-01
3.209999999999999964e+00
-8.000000000000000444e-01
3.189999999999999947e+00
-8.000000000000000444e-01
3.169999999999999929e+00
-7.900000000000000355e-01
3.149999999999999911e+00
-7.900000000000000355e-01
3.129999999999999893e+00
-7.700000000000000178e-01
3.089999999999999858e+00
-8.100000000000000533e-01
3.189999999999999947e+00
-8.000000000000000444e-01
3.169999999999999929e+00
-7.900000000000000355e-01
3.149999999999999911e+00
-7.900000000000000355e-01
3.129999999999999893e+00
-8.000000000000000444e-01
3.169999999999999929e+00
-8.000000000000000444e-01
3.149999999999999911e+00
-7.900000000000000355e-01
3.129999999999999893e+00
-8.000000000000000444e-01
3.149999999999999911e+00
-9.100000000000000311e-01
-7.299999999999999822e-01
3.250000000000000000e+00
-8.199999999999999512e-01
3.229999999999999982e+00
-8.100000000000000533e-01
3.209999999999999964e+00
-8.100000000000000533e-01
3.180000000000000160e+00
-8.100000000000000533e-01
3.209999999999999964e+00
-7.900000000000000355e-01
3.149999999999999911e+00
-8.000000000000000444e-01
3.169999999999999929e+00
-7.800000000000000266e-01
3.129999999999999893e+00
-7.700000000000000178e-01
3.089999999999999858e+00
-8.199999999999999512e-01
3.229999999999999982e+00
-8.199999999999999512e-01
3.209999999999999964e+00
-8.000000000000000444e-01
3.149999999999999911e+00
-8.199999999999999512e-01
3.209999999999999964e+00
-8.199999999999999512e-01
3.250000000000000000e+00
-8.199999999999999512e-01
3.229999999999999982e+00
-8.100000000000000533e-01
3.209999999999999964e+00
-8.000000000000000444e-01
3.169999999999999929e+00
-7.900000000000000355e-01
3.129999999999999893e+00
-7.700000000000000178e-01
3.089999999999999858e+00
-8.299999999999999600e-01
3.229999999999999982e+00
-8.299999999999999600e-01
3.250000000000000000e+00
-8.299999999999999600e-01
3.220000000000000195e+00
-8.100000000000000533e-01
3.209999999999999964e+00
-8.000000000000000444e-01
3.169999999999999929e+00
-7.900000000000000355e-01
3.129999999999999893e+00
-8.299999999999999600e-01
3.250000000000000000e+00
-8.199999999999999512e-01
3.209999999999999964e+00
-8.000000000000000444e-01
3.169999999999999929e+00
-8.299999999999999600e-01
3.240000000000000213e+00
-8.199999999999999512e-01
3.200000000000000178e+00
-8.399999999999999689e-01
3.240000000000000213e+00
