-8.499999999999999778e-01
3.250000000000000000e+00
-8.499999999999999778e-01
3.229999999999999982e+00
-8.399999999999999689e-01
3.209999999999999964e+00
-8.599999999999999867e-01
3.250000000000000000e+00
-8.599999999999999867e-01
3.250000000000000000e+00
-8.499999999999999778e-01
3.229999999999999982e+00
-8.399999999999999689e-01
3.209999999999999964e+00
-8.399999999999999689e-01
3.209999999999999964e+00
-8.399999999999999689e-01
3.209999999999999964e+00
-8.399999999999999689e-01
3.209999999999999964e+00
-8.299999999999999600e-01
3.180000000000000160e+00
