-9.699999999999999734e-01
-7.099999999999999645e-01
2.759999999999999787e+00
-1.379999999999999893e+00
-4.799999999999999822e-01
2.970000000000000195e+00
-8.299999999999999600e-01
2.740000000000000213e+00
-1.350000000000000089e+00
-4.899999999999999911e-01
2.950000000000000178e+00
-8.299999999999999600e-01
2.720000000000000195e+00
-1.320000000000000062e+00
-5.000000000000000000e-01
2.930000000000000160e+00
-8.199999999999999512e-01
2.700000000000000178e+00
-1.290000000000000036e+00
-5.200000000000000178e-01
2.910000000000000142e+00
-8.100000000000000533e-01
2.680000000000000160e+00
-1.260000000000000009e+00
-5.300000000000000266e-01
2.890000000000000124e+00
-8.100000000000000533e-01
2.660000000000000142e+00
-1.219999999999999973e+00
-5.500000000000000444e-01
2.870000000000000107e+00
-8.000000000000000444e-01
2.640000000000000124e+00
-1.179999999999999938e+00
-5.699999999999999512e-01
2.850000000000000089e+00
-1.149999999999999911e+00
-5.899999999999999689e-01
2.819999999999999840e+00
-1.100000000000000089e+00
-6.199999999999999956e-01
2.799999999999999822e+00
-8.299999999999999600e-01
2.720000000000000195e+00
-1.340000000000000080e+00
-4.899999999999999911e-01
2.930000000000000160e+00
-8.000000000000000444e-01
2.660000000000000142e+00
-1.260000000000000009e+00
-5.100000000000000089e-01
2.870000000000000107e+00
-7.800000000000000266e-01
2.600000000000000089e+00
-1.179999999999999938e+00
-5.400000000000000355e-01
2.810000000000000053e+00
-1.100000000000000089e+00
-5.799999999999999600e-01
2.750000000000000000e+00
-1.000000000000000000e+00
-6.300000000000000044e-01
2.689999999999999947e+00
-8.599999999999999867e-01
-7.199999999999999734e-01
2.629999999999999893e+00
-7.700000000000000178e-01
2.569999999999999840e+00
-7.500000000000000000e-01
2.509999999999999787e+00
-8.100000000000000533e-01
2.680000000000000160e+00
-1.290000000000000036e+00
-5.000000000000000000e-01
2.890000000000000124e+00
-7.800000000000000266e-01
2.580000000000000071e+00
-1.169999999999999929e+00
2.790000000000000036e+00
-1.030000000000000027e+00
-5.999999999999999778e-01
2.689999999999999947e+00
-8.299999999999999600e-01
-7.299999999999999822e-01
2.589999999999999858e+00
-7.399999999999999911e-01
2.490000000000000213e+00
-8.000000000000000444e-01
2.640000000000000124e+00
-1.250000000000000000e+00
-5.100000000000000089e-01
2.850000000000000089e+00
-1.070000000000000062e+00
2.709999999999999964e+00
-8.000000000000000444e-01
-7.399999999999999911e-01
2.569999999999999840e+00
-7.299999999999999822e-01
2.430000000000000160e+00
-7.800000000000000266e-01
2.600000000000000089e+00
-1.199999999999999956e+00
-5.300000000000000266e-01
2.810000000000000053e+00
-9.599999999999999645e-01
-6.199999999999999956e-01
2.629999999999999893e+00
-7.299999999999999822e-01
2.459999999999999964e+00
-7.700000000000000178e-01
2.569999999999999840e+00
-1.149999999999999911e+00
-5.400000000000000355e-01
2.770000000000000018e+00
-7.600000000000000089e-01
2.549999999999999822e+00
-1.100000000000000089e+00
2.729999999999999982e+00
-7.399999999999999911e-01
2.479999999999999982e+00
-1.050000000000000044e+00
-5.799999999999999600e-01
2.689999999999999947e+00
-7.099999999999999645e-01
2.399999999999999911e+00
-9.899999999999999911e-01
-5.999999999999999778e-01
2.649999999999999911e+00
-8.299999999999999600e-01
2.740000000000000213e+00
-1.350000000000000089e+00
-4.899999999999999911e-01
2.950000000000000178e+00
-8.299999999999999600e-01
2.720000000000000195e+00
-1.320000000000000062e+00
-5.100000000000000089e-01
2.930000000000000160e+00
-8.199999999999999512e-01
2.700000000000000178e+00
-1.290000000000000036e+00
-5.200000000000000178e-01
2.910000000000000142e+00
-8.100000000000000533e-01
2.680000000000000160e+00
-1.250000000000000000e+00
-5.400000000000000355e-01
2.890000000000000124e+00
-8.100000000000000533e-01
2.660000000000000142e+00
-1.219999999999999973e+00
-5.500000000000000444e-01
2.870000000000000107e+00
-8.000000000000000444e-01
2.640000000000000124e+00
-1.179999999999999938e+00
-5.699999999999999512e-01
2.850000000000000089e+00
-1.139999999999999902e+00
-5.899999999999999689e-01
2.819999999999999840e+00
-1.100000000000000089e+00
-6.199999999999999956e-01
2.799999999999999822e+00
-1.050000000000000044e+00
-6.500000000000000222e-01
2.779999999999999805e+00
-8.100000000000000533e-01
2.660000000000000142e+00
-1.260000000000000009e+00
2.870000000000000107e+00
-7.900000000000000355e-01
2.600000000000000089e+00
-1.179999999999999938e+00
-5.500000000000000444e-01
2.810000000000000053e+00
-1.090000000000000080e+00
-5.799999999999999600e-01
2.750000000000000000e+00
-9.899999999999999911e-01
-6.400000000000000133e-01
2.689999999999999947e+00
-8.000000000000000444e-01
-7.800000000000000266e-01
2.629999999999999893e+00
-7.700000000000000178e-01
2.569999999999999840e+00
-7.500000000000000000e-01
2.509999999999999787e+00
-7.800000000000000266e-01
2.580000000000000071e+00
-1.159999999999999920e+00
-5.500000000000000444e-01
2.790000000000000036e+00
-1.020000000000000018e+00
-6.099999999999999867e-01
2.689999999999999947e+00
-7.800000000000000266e-01
2.589999999999999858e+00
-7.399999999999999911e-01
2.490000000000000213e+00
-1.050000000000000044e+00
-5.899999999999999689e-01
2.709999999999999964e+00
-7.700000000000000178e-01
2.569999999999999840e+00
-7.199999999999999734e-01
2.430000000000000160e+00
-9.100000000000000311e-01
-6.700000000000000400e-01
2.629999999999999893e+00
-7.299999999999999822e-01
2.450000000000000178e+00
-7.600000000000000089e-01
2.549999999999999822e+00
-7.299999999999999822e-01
2.470000000000000195e+00
-8.299999999999999600e-01
2.720000000000000195e+00
-1.320000000000000062e+00
2.930000000000000160e+00
-8.199999999999999512e-01
2.700000000000000178e+00
-1.290000000000000036e+00
-5.200000000000000178e-01
2.910000000000000142e+00
-8.100000000000000533e-01
2.680000000000000160e+00
-1.250000000000000000e+00
-5.400000000000000355e-01
2.890000000000000124e+00
-8.100000000000000533e-01
2.660000000000000142e+00
-1.219999999999999973e+00
-5.600000000000000533e-01
2.870000000000000107e+00
-1.179999999999999938e+00
-5.799999999999999600e-01
2.850000000000000089e+00
-1.139999999999999902e+00
-5.999999999999999778e-01
2.830000000000000071e+00
-1.100000000000000089e+00
-6.199999999999999956e-01
2.799999999999999822e+00
-1.050000000000000044e+00
2.779999999999999805e+00
-9.899999999999999911e-01
2.759999999999999787e+00
-7.900000000000000355e-01
2.600000000000000089e+00
-1.169999999999999929e+00
-5.500000000000000444e-01
2.810000000000000053e+00
-1.080000000000000071e+00
-5.899999999999999689e-01
2.750000000000000000e+00
-9.799999999999999822e-01
-6.500000000000000222e-01
2.689999999999999947e+00
-7.900000000000000355e-01
2.629999999999999893e+00
-7.700000000000000178e-01
2.569999999999999840e+00
-7.500000000000000000e-01
2.509999999999999787e+00
-1.000000000000000000e+00
-6.300000000000000044e-01
2.689999999999999947e+00
-7.800000000000000266e-01
2.589999999999999858e+00
-7.399999999999999911e-01
2.490000000000000213e+00
-7.700000000000000178e-01
2.569999999999999840e+00
-7.299999999999999822e-01
2.450000000000000178e+00
-8.199999999999999512e-01
2.700000000000000178e+00
-1.280000000000000027e+00
-5.300000000000000266e-01
2.910000000000000142e+00
-8.100000000000000533e-01
2.680000000000000160e+00
-1.250000000000000000e+00
-5.400000000000000355e-01
2.890000000000000124e+00
-8.100000000000000533e-01
2.660000000000000142e+00
-1.219999999999999973e+00
2.870000000000000107e+00
-1.179999999999999938e+00
-5.799999999999999600e-01
2.850000000000000089e+00
-1.139999999999999902e+00
2.830000000000000071e+00
-1.090000000000000080e+00
-6.300000000000000044e-01
2.799999999999999822e+00
-1.040000000000000036e+00
2.779999999999999805e+00
-9.799999999999999822e-01
-6.999999999999999556e-01
2.759999999999999787e+00
-8.800000000000000044e-01
-7.900000000000000355e-01
2.740000000000000213e+00
-1.070000000000000062e+00
-5.999999999999999778e-01
2.750000000000000000e+00
-9.599999999999999645e-01
-6.600000000000000311e-01
2.689999999999999947e+00
-7.900000000000000355e-01
2.629999999999999893e+00
-7.700000000000000178e-01
2.569999999999999840e+00
-7.500000000000000000e-01
2.509999999999999787e+00
-7.800000000000000266e-01
2.589999999999999858e+00
-7.399999999999999911e-01
2.490000000000000213e+00
-8.199999999999999512e-01
2.680000000000000160e+00
-1.250000000000000000e+00
-5.400000000000000355e-01
2.890000000000000124e+00
-8.100000000000000533e-01
2.660000000000000142e+00
-1.209999999999999964e+00
2.870000000000000107e+00
-1.179999999999999938e+00
-5.799999999999999600e-01
2.850000000000000089e+00
-1.139999999999999902e+00
-5.999999999999999778e-01
2.830000000000000071e+00
-1.090000000000000080e+00
2.799999999999999822e+00
-1.040000000000000036e+00
-6.600000000000000311e-01
2.779999999999999805e+00
-9.799999999999999822e-01
-7.099999999999999645e-01
2.759999999999999787e+00
-8.599999999999999867e-01
-8.100000000000000533e-01
2.740000000000000213e+00
-8.299999999999999600e-01
2.720000000000000195e+00
-9.499999999999999556e-01
-6.800000000000000488e-01
2.689999999999999947e+00
-7.900000000000000355e-01
2.629999999999999893e+00
-7.700000000000000178e-01
2.569999999999999840e+00
-7.500000000000000000e-01
2.509999999999999787e+00
-7.399999999999999911e-01
2.490000000000000213e+00
-8.100000000000000533e-01
2.660000000000000142e+00
-1.209999999999999964e+00
2.870000000000000107e+00
-1.169999999999999929e+00
-5.799999999999999600e-01
2.850000000000000089e+00
-1.129999999999999893e+00
-6.099999999999999867e-01
2.830000000000000071e+00
-1.090000000000000080e+00
2.799999999999999822e+00
-1.040000000000000036e+00
-6.700000000000000400e-01
2.779999999999999805e+00
-9.699999999999999734e-01
-7.199999999999999734e-01
2.759999999999999787e+00
-8.399999999999999689e-01
2.740000000000000213e+00
-8.299999999999999600e-01
2.720000000000000195e+00
-8.199999999999999512e-01
2.700000000000000178e+00
-7.900000000000000355e-01
2.629999999999999893e+00
-7.700000000000000178e-01
2.569999999999999840e+00
-1.169999999999999929e+00
-5.899999999999999689e-01
2.850000000000000089e+00
-1.129999999999999893e+00
-6.099999999999999867e-01
2.830000000000000071e+00
-1.090000000000000080e+00
-6.400000000000000133e-01
2.799999999999999822e+00
-1.030000000000000027e+00
-6.700000000000000400e-01
2.779999999999999805e+00
-9.699999999999999734e-01
-7.199999999999999734e-01
2.759999999999999787e+00
-8.399999999999999689e-01
2.740000000000000213e+00
-8.299999999999999600e-01
2.720000000000000195e+00
-8.199999999999999512e-01
2.700000000000000178e+00
-8.199999999999999512e-01
2.680000000000000160e+00
-7.700000000000000178e-01
2.569999999999999840e+00
-1.129999999999999893e+00
-6.099999999999999867e-01
2.830000000000000071e+00
-1.080000000000000071e+00
2.799999999999999822e+00
-1.030000000000000027e+00
-6.800000000000000488e-01
2.779999999999999805e+00
-9.599999999999999645e-01
-7.299999999999999822e-01
2.759999999999999787e+00
-8.399999999999999689e-01
2.740000000000000213e+00
-8.299999999999999600e-01
2.720000000000000195e+00
-8.199999999999999512e-01
2.700000000000000178e+00
-8.199999999999999512e-01
2.680000000000000160e+00
-8.100000000000000533e-01
2.660000000000000142e+00
-1.080000000000000071e+00
-6.500000000000000222e-01
-1.030000000000000027e+00
-6.800000000000000488e-01
2.779999999999999805e+00
-9.499999999999999556e-01
-7.399999999999999911e-01
2.759999999999999787e+00
-8.399999999999999689e-01
2.740000000000000213e+00
-8.299999999999999600e-01
2.720000000000000195e+00
-8.199999999999999512e-01
2.700000000000000178e+00
-8.199999999999999512e-01
2.680000000000000160e+00
-8.100000000000000533e-01
2.660000000000000142e+00
-8.399999999999999689e-01
2.759999999999999787e+00
-1.360000000000000098e+00
-5.000000000000000000e-01
2.970000000000000195e+00
-8.299999999999999600e-01
2.740000000000000213e+00
-1.310000000000000053e+00
-5.300000000000000266e-01
2.950000000000000178e+00
-8.299999999999999600e-01
2.709999999999999964e+00
-1.260000000000000009e+00
-5.600000000000000533e-01
2.919999999999999929e+00
-1.189999999999999947e+00
2.899999999999999911e+00
-1.100000000000000089e+00
-6.800000000000000488e-01
2.879999999999999893e+00
-9.499999999999999556e-01
-8.000000000000000444e-01
2.850000000000000089e+00
-8.699999999999999956e-01
2.830000000000000071e+00
-8.599999999999999867e-01
2.799999999999999822e+00
-8.299999999999999600e-01
2.720000000000000195e+00
-1.320000000000000062e+00
-5.100000000000000089e-01
2.930000000000000160e+00
-8.100000000000000533e-01
2.660000000000000142e+00
-1.219999999999999973e+00
-5.500000000000000444e-01
2.870000000000000107e+00
-1.100000000000000089e+00
2.799999999999999822e+00
-9.100000000000000311e-01
-7.600000000000000089e-01
2.740000000000000213e+00
-8.100000000000000533e-01
2.680000000000000160e+00
-8.100000000000000533e-01
2.680000000000000160e+00
-1.270000000000000018e+00
-5.200000000000000178e-01
2.890000000000000124e+00
-1.120000000000000107e+00
-5.899999999999999689e-01
2.790000000000000036e+00
-8.699999999999999956e-01
-7.500000000000000000e-01
2.689999999999999947e+00
-7.800000000000000266e-01
2.580000000000000071e+00
-8.000000000000000444e-01
2.640000000000000124e+00
-1.229999999999999982e+00
-5.300000000000000266e-01
2.850000000000000089e+00
-1.000000000000000000e+00
2.709999999999999964e+00
-7.700000000000000178e-01
2.569999999999999840e+00
-7.900000000000000355e-01
2.600000000000000089e+00
-1.179999999999999938e+00
2.810000000000000053e+00
-8.000000000000000444e-01
-7.800000000000000266e-01
2.629999999999999893e+00
-1.129999999999999893e+00
-5.600000000000000533e-01
2.770000000000000018e+00
-7.600000000000000089e-01
2.549999999999999822e+00
-1.070000000000000062e+00
-5.899999999999999689e-01
2.729999999999999982e+00
-7.399999999999999911e-01
2.470000000000000195e+00
-1.020000000000000018e+00
-6.099999999999999867e-01
2.689999999999999947e+00
-9.499999999999999556e-01
-6.400000000000000133e-01
2.649999999999999911e+00
-8.399999999999999689e-01
2.740000000000000213e+00
-1.310000000000000053e+00
-5.300000000000000266e-01
2.950000000000000178e+00
-8.299999999999999600e-01
2.709999999999999964e+00
-1.250000000000000000e+00
-5.699999999999999512e-01
2.919999999999999929e+00
-1.189999999999999947e+00
2.899999999999999911e+00
-1.100000000000000089e+00
2.879999999999999893e+00
-9.399999999999999467e-01
-8.100000000000000533e-01
2.850000000000000089e+00
-8.699999999999999956e-01
2.830000000000000071e+00
-8.599999999999999867e-01
2.799999999999999822e+00
-8.100000000000000533e-01
2.660000000000000142e+00
-1.209999999999999964e+00
-5.600000000000000533e-01
2.870000000000000107e+00
-1.090000000000000080e+00
-6.300000000000000044e-01
2.799999999999999822e+00
-8.599999999999999867e-01
-8.100000000000000533e-01
2.740000000000000213e+00
-8.100000000000000533e-01
2.680000000000000160e+00
-1.110000000000000098e+00
-5.999999999999999778e-01
2.790000000000000036e+00
-8.100000000000000533e-01
2.689999999999999947e+00
-7.800000000000000266e-01
2.580000000000000071e+00
-9.699999999999999734e-01
-6.700000000000000400e-01
2.709999999999999964e+00
-7.700000000000000178e-01
2.569999999999999840e+00
-7.900000000000000355e-01
2.629999999999999893e+00
-7.700000000000000178e-01
2.549999999999999822e+00
-8.299999999999999600e-01
2.709999999999999964e+00
-1.250000000000000000e+00
-5.699999999999999512e-01
2.919999999999999929e+00
-1.179999999999999938e+00
2.899999999999999911e+00
-1.090000000000000080e+00
2.879999999999999893e+00
-9.300000000000000488e-01
-8.299999999999999600e-01
2.850000000000000089e+00
-8.699999999999999956e-01
2.830000000000000071e+00
-8.599999999999999867e-01
2.799999999999999822e+00
-1.080000000000000071e+00
-6.400000000000000133e-01
2.799999999999999822e+00
-8.399999999999999689e-01
2.740000000000000213e+00
-8.199999999999999512e-01
2.680000000000000160e+00
-8.199999999999999512e-01
2.689999999999999947e+00
-7.800000000000000266e-01
2.580000000000000071e+00
-7.800000000000000266e-01
2.569999999999999840e+00
-1.179999999999999938e+00
-6.199999999999999956e-01
2.899999999999999911e+00
-1.090000000000000080e+00
-6.899999999999999467e-01
2.879999999999999893e+00
-9.100000000000000311e-01
-8.399999999999999689e-01
2.850000000000000089e+00
-8.699999999999999956e-01
2.830000000000000071e+00
-8.599999999999999867e-01
2.799999999999999822e+00
-8.399999999999999689e-01
2.740000000000000213e+00
-8.199999999999999512e-01
2.680000000000000160e+00
-1.090000000000000080e+00
-6.999999999999999556e-01
2.879999999999999893e+00
-8.800000000000000044e-01
2.850000000000000089e+00
-8.699999999999999956e-01
2.830000000000000071e+00
-8.599999999999999867e-01
2.799999999999999822e+00
-8.199999999999999512e-01
2.680000000000000160e+00
-8.800000000000000044e-01
2.850000000000000089e+00
-8.699999999999999956e-01
2.830000000000000071e+00
-8.699999999999999956e-01
2.799999999999999822e+00
-8.800000000000000044e-01
2.830000000000000071e+00
-8.699999999999999956e-01
2.799999999999999822e+00
-8.699999999999999956e-01
2.799999999999999822e+00
-8.399999999999999689e-01
2.759999999999999787e+00
-1.350000000000000089e+00
-5.100000000000000089e-01
2.970000000000000195e+00
-8.299999999999999600e-01
2.729999999999999982e+00
-1.270000000000000018e+00
-5.699999999999999512e-01
2.939999999999999947e+00
-1.159999999999999920e+00
-6.500000000000000222e-01
2.919999999999999929e+00
-9.499999999999999556e-01
-8.299999999999999600e-01
2.890000000000000124e+00
-8.800000000000000044e-01
2.859999999999999876e+00
-8.299999999999999600e-01
2.720000000000000195e+00
-1.300000000000000044e+00
-5.300000000000000266e-01
2.930000000000000160e+00
-1.159999999999999920e+00
-5.999999999999999778e-01
2.859999999999999876e+00
-9.300000000000000488e-01
-7.800000000000000266e-01
2.799999999999999822e+00
-8.299999999999999600e-01
2.729999999999999982e+00
-8.100000000000000533e-01
2.680000000000000160e+00
-1.250000000000000000e+00
-5.400000000000000355e-01
2.890000000000000124e+00
-1.050000000000000044e+00
2.779999999999999805e+00
-8.100000000000000533e-01
2.680000000000000160e+00
-8.000000000000000444e-01
2.640000000000000124e+00
-1.199999999999999956e+00
-5.500000000000000444e-01
2.850000000000000089e+00
-8.699999999999999956e-01
-7.700000000000000178e-01
2.700000000000000178e+00
-1.149999999999999911e+00
-5.699999999999999512e-01
2.810000000000000053e+00
-7.900000000000000355e-01
2.620000000000000107e+00
-1.100000000000000089e+00
-5.899999999999999689e-01
2.770000000000000018e+00
-7.700000000000000178e-01
2.549999999999999822e+00
-1.040000000000000036e+00
2.729999999999999982e+00
-9.799999999999999822e-01
-6.500000000000000222e-01
2.689999999999999947e+00
-8.900000000000000133e-01
-6.999999999999999556e-01
2.649999999999999911e+00
-8.399999999999999689e-01
2.729999999999999982e+00
-1.260000000000000009e+00
-5.699999999999999512e-01
2.939999999999999947e+00
-1.159999999999999920e+00
-6.500000000000000222e-01
2.919999999999999929e+00
-9.499999999999999556e-01
-8.399999999999999689e-01
2.890000000000000124e+00
-8.800000000000000044e-01
2.859999999999999876e+00
-1.159999999999999920e+00
-6.199999999999999956e-01
2.859999999999999876e+00
-8.800000000000000044e-01
-8.399999999999999689e-01
2.799999999999999822e+00
-8.399999999999999689e-01
2.729999999999999982e+00
-1.030000000000000027e+00
-6.800000000000000488e-01
2.779999999999999805e+00
-8.199999999999999512e-01
2.680000000000000160e+00
-8.199999999999999512e-01
2.700000000000000178e+00
-8.000000000000000444e-01
2.629999999999999893e+00
-7.700000000000000178e-01
2.549999999999999822e+00
-1.159999999999999920e+00
-6.600000000000000311e-01
2.919999999999999929e+00
-9.399999999999999467e-01
-8.499999999999999778e-01
2.890000000000000124e+00
-8.800000000000000044e-01
2.859999999999999876e+00
-8.599999999999999867e-01
2.799999999999999822e+00
-8.399999999999999689e-01
2.729999999999999982e+00
-8.199999999999999512e-01
2.680000000000000160e+00
-9.300000000000000488e-01
-8.599999999999999867e-01
2.890000000000000124e+00
-8.900000000000000133e-01
2.859999999999999876e+00
-8.399999999999999689e-01
2.729999999999999982e+00
-8.900000000000000133e-01
2.859999999999999876e+00
-8.399999999999999689e-01
2.759999999999999787e+00
-1.330000000000000071e+00
-5.300000000000000266e-01
2.970000000000000195e+00
-1.209999999999999964e+00
-6.199999999999999956e-01
2.939999999999999947e+00
-9.499999999999999556e-01
-8.399999999999999689e-01
2.910000000000000142e+00
-8.800000000000000044e-01
2.870000000000000107e+00
-8.299999999999999600e-01
2.720000000000000195e+00
-1.280000000000000027e+00
-5.500000000000000444e-01
2.930000000000000160e+00
-1.090000000000000080e+00
-6.700000000000000400e-01
2.859999999999999876e+00
-8.499999999999999778e-01
2.790000000000000036e+00
-8.100000000000000533e-01
2.680000000000000160e+00
-1.229999999999999982e+00
-5.600000000000000533e-01
2.890000000000000124e+00
-9.100000000000000311e-01
2.779999999999999805e+00
-1.179999999999999938e+00
-5.799999999999999600e-01
2.850000000000000089e+00
-8.199999999999999512e-01
2.700000000000000178e+00
-1.120000000000000107e+00
-5.999999999999999778e-01
2.810000000000000053e+00
-7.900000000000000355e-01
2.620000000000000107e+00
-1.070000000000000062e+00
-6.199999999999999956e-01
2.770000000000000018e+00
-1.000000000000000000e+00
2.729999999999999982e+00
-9.200000000000000400e-01
-7.099999999999999645e-01
2.689999999999999947e+00
-8.000000000000000444e-01
2.649999999999999911e+00
-1.199999999999999956e+00
-6.300000000000000044e-01
2.939999999999999947e+00
-9.499999999999999556e-01
-8.499999999999999778e-01
2.910000000000000142e+00
-8.900000000000000133e-01
2.870000000000000107e+00
-1.080000000000000071e+00
-6.899999999999999467e-01
2.859999999999999876e+00
-8.599999999999999867e-01
2.790000000000000036e+00
-8.499999999999999778e-01
2.779999999999999805e+00
-8.299999999999999600e-01
2.700000000000000178e+00
-8.000000000000000444e-01
2.620000000000000107e+00
-9.499999999999999556e-01
-8.499999999999999778e-01
2.910000000000000142e+00
-8.900000000000000133e-01
2.870000000000000107e+00
-8.599999999999999867e-01
2.790000000000000036e+00
-8.900000000000000133e-01
2.870000000000000107e+00
-8.399999999999999689e-01
2.750000000000000000e+00
-1.300000000000000044e+00
-5.500000000000000444e-01
2.959999999999999964e+00
-1.120000000000000107e+00
-6.999999999999999556e-01
2.930000000000000160e+00
-8.900000000000000133e-01
2.890000000000000124e+00
-8.299999999999999600e-01
2.709999999999999964e+00
-1.250000000000000000e+00
-5.699999999999999512e-01
2.919999999999999929e+00
-9.399999999999999467e-01
-8.100000000000000533e-01
2.850000000000000089e+00
-1.199999999999999956e+00
-5.899999999999999689e-01
2.879999999999999893e+00
-8.499999999999999778e-01
2.770000000000000018e+00
-1.149999999999999911e+00
-6.099999999999999867e-01
2.839999999999999858e+00
-8.199999999999999512e-01
2.689999999999999947e+00
-1.090000000000000080e+00
-6.300000000000000044e-01
2.799999999999999822e+00
-1.030000000000000027e+00
-6.600000000000000311e-01
-9.499999999999999556e-01
-7.099999999999999645e-01
2.729999999999999982e+00
-8.100000000000000533e-01
2.689999999999999947e+00
-8.000000000000000444e-01
2.649999999999999911e+00
-1.120000000000000107e+00
-6.999999999999999556e-01
2.930000000000000160e+00
-9.000000000000000222e-01
2.899999999999999911e+00
-8.800000000000000044e-01
2.850000000000000089e+00
-8.499999999999999778e-01
2.770000000000000018e+00
-8.299999999999999600e-01
2.689999999999999947e+00
-9.000000000000000222e-01
2.899999999999999911e+00
-8.399999999999999689e-01
2.750000000000000000e+00
-1.280000000000000027e+00
-5.799999999999999600e-01
2.959999999999999964e+00
-9.499999999999999556e-01
-8.499999999999999778e-01
2.919999999999999929e+00
-8.299999999999999600e-01
2.709999999999999964e+00
-1.229999999999999982e+00
-5.899999999999999689e-01
2.919999999999999929e+00
-8.800000000000000044e-01
2.839999999999999858e+00
-1.169999999999999929e+00
-6.099999999999999867e-01
2.879999999999999893e+00
-8.499999999999999778e-01
2.770000000000000018e+00
-1.110000000000000098e+00
2.839999999999999858e+00
-1.050000000000000044e+00
-6.700000000000000400e-01
2.799999999999999822e+00
-9.699999999999999734e-01
-7.199999999999999734e-01
2.759999999999999787e+00
-8.299999999999999600e-01
2.720000000000000195e+00
-8.199999999999999512e-01
2.680000000000000160e+00
-8.000000000000000444e-01
2.640000000000000124e+00
-9.599999999999999645e-01
-8.499999999999999778e-01
2.919999999999999929e+00
-8.800000000000000044e-01
2.850000000000000089e+00
-8.499999999999999778e-01
2.770000000000000018e+00
-8.399999999999999689e-01
2.750000000000000000e+00
-1.250000000000000000e+00
-5.999999999999999778e-01
2.959999999999999964e+00
-9.000000000000000222e-01
2.919999999999999929e+00
-1.199999999999999956e+00
-6.199999999999999956e-01
2.919999999999999929e+00
-8.699999999999999956e-01
2.839999999999999858e+00
-1.139999999999999902e+00
-6.500000000000000222e-01
2.879999999999999893e+00
-1.070000000000000062e+00
-6.800000000000000488e-01
2.839999999999999858e+00
-1.000000000000000000e+00
-7.199999999999999734e-01
2.799999999999999822e+00
-8.399999999999999689e-01
2.759999999999999787e+00
-8.299999999999999600e-01
2.720000000000000195e+00
-8.199999999999999512e-01
2.680000000000000160e+00
-8.000000000000000444e-01
2.640000000000000124e+00
-9.100000000000000311e-01
2.919999999999999929e+00
-8.800000000000000044e-01
2.839999999999999858e+00
-1.219999999999999973e+00
-6.300000000000000044e-01
2.959999999999999964e+00
-9.000000000000000222e-01
2.910000000000000142e+00
-1.159999999999999920e+00
-6.500000000000000222e-01
2.919999999999999929e+00
-1.090000000000000080e+00
-6.899999999999999467e-01
2.879999999999999893e+00
-1.020000000000000018e+00
-7.299999999999999822e-01
2.839999999999999858e+00
-8.800000000000000044e-01
-8.399999999999999689e-01
2.799999999999999822e+00
-8.399999999999999689e-01
2.759999999999999787e+00
-8.299999999999999600e-01
2.720000000000000195e+00
-8.199999999999999512e-01
2.680000000000000160e+00
-8.000000000000000444e-01
2.640000000000000124e+00
-9.000000000000000222e-01
2.910000000000000142e+00
-1.179999999999999938e+00
2.950000000000000178e+00
-1.110000000000000098e+00
-6.899999999999999467e-01
2.910000000000000142e+00
-1.040000000000000036e+00
-7.399999999999999911e-01
2.870000000000000107e+00
-9.100000000000000311e-01
-8.299999999999999600e-01
2.830000000000000071e+00
-8.599999999999999867e-01
2.790000000000000036e+00
-8.399999999999999689e-01
2.750000000000000000e+00
-8.299999999999999600e-01
2.720000000000000195e+00
-8.199999999999999512e-01
2.680000000000000160e+00
