-8.499999999999999778e-01
3.240000000000000213e+00
-8.399999999999999689e-01
3.220000000000000195e+00
-8.399999999999999689e-01
3.200000000000000178e+00
-8.299999999999999600e-01
3.180000000000000160e+00
-8.199999999999999512e-01
3.160000000000000142e+00
-8.299999999999999600e-01
3.200000000000000178e+00
-8.199999999999999512e-01
3.140000000000000124e+00
-8.199999999999999512e-01
3.160000000000000142e+00
-8.100000000000000533e-01
3.120000000000000107e+00
-8.399999999999999689e-01
3.220000000000000195e+00
-8.399999999999999689e-01
3.200000000000000178e+00
-8.299999999999999600e-01
3.180000000000000160e+00
-8.299999999999999600e-01
3.160000000000000142e+00
-8.199999999999999512e-01
3.140000000000000124e+00
-8.399999999999999689e-01
3.200000000000000178e+00
-8.299999999999999600e-01
3.180000000000000160e+00
-8.299999999999999600e-01
3.160000000000000142e+00
-8.299999999999999600e-01
3.180000000000000160e+00
-8.499999999999999778e-01
3.240000000000000213e+00
-8.499999999999999778e-01
3.220000000000000195e+00
-8.399999999999999689e-01
3.200000000000000178e+00
-8.199999999999999512e-01
3.160000000000000142e+00
-8.499999999999999778e-01
3.220000000000000195e+00
-8.499999999999999778e-01
3.240000000000000213e+00
-8.399999999999999689e-01
3.200000000000000178e+00
-8.299999999999999600e-01
3.160000000000000142e+00
-8.599999999999999867e-01
3.240000000000000213e+00
-8.399999999999999689e-01
3.200000000000000178e+00
-8.599999999999999867e-01
3.240000000000000213e+00
