-1.090000000000000080e+00
2.770000000000000018e+00
-1.080000000000000071e+00
2.750000000000000000e+00
-1.070000000000000062e+00
2.720000000000000195e+00
-1.060000000000000053e+00
2.700000000000000178e+00
-1.060000000000000053e+00
2.680000000000000160e+00
-1.090000000000000080e+00
2.759999999999999787e+00
-1.080000000000000071e+00
2.740000000000000213e+00
-1.080000000000000071e+00
2.759999999999999787e+00
-1.080000000000000071e+00
2.759999999999999787e+00
-1.080000000000000071e+00
2.750000000000000000e+00
-1.070000000000000062e+00
2.720000000000000195e+00
-1.070000000000000062e+00
2.700000000000000178e+00
-1.060000000000000053e+00
2.680000000000000160e+00
-1.080000000000000071e+00
2.740000000000000213e+00
-1.070000000000000062e+00
2.720000000000000195e+00
-1.070000000000000062e+00
2.700000000000000178e+00
-1.060000000000000053e+00
2.680000000000000160e+00
-1.070000000000000062e+00
2.700000000000000178e+00
-1.070000000000000062e+00
2.729999999999999982e+00
-1.050000000000000044e+00
2.669999999999999929e+00
-1.070000000000000062e+00
2.720000000000000195e+00
-1.070000000000000062e+00
2.720000000000000195e+00
-1.050000000000000044e+00
2.669999999999999929e+00
-1.060000000000000053e+00
2.689999999999999947e+00
-1.060000000000000053e+00
2.689999999999999947e+00
-1.060000000000000053e+00
2.680000000000000160e+00
-1.050000000000000044e+00
2.649999999999999911e+00
-1.050000000000000044e+00
2.649999999999999911e+00
-1.030000000000000027e+00
2.609999999999999876e+00
