-1.300000000000000044e+00
-9.300000000000000488e-01
2.680000000000000160e+00
-1.219999999999999973e+00
2.660000000000000142e+00
-1.100000000000000089e+00
2.640000000000000124e+00
-1.090000000000000080e+00
2.620000000000000107e+00
-1.080000000000000071e+00
2.600000000000000089e+00
-1.070000000000000062e+00
2.580000000000000071e+00
-1.060000000000000053e+00
2.560000000000000053e+00
-1.199999999999999956e+00
-1.030000000000000027e+00
2.680000000000000160e+00
-1.100000000000000089e+00
2.660000000000000142e+00
-1.090000000000000080e+00
2.640000000000000124e+00
-1.110000000000000098e+00
2.680000000000000160e+00
-1.090000000000000080e+00
2.649999999999999911e+00
-1.110000000000000098e+00
2.680000000000000160e+00
-1.100000000000000089e+00
2.680000000000000160e+00
-1.100000000000000089e+00
2.669999999999999929e+00
-1.189999999999999947e+00
-1.020000000000000018e+00
2.660000000000000142e+00
-1.100000000000000089e+00
2.640000000000000124e+00
-1.090000000000000080e+00
2.620000000000000107e+00
-1.080000000000000071e+00
2.600000000000000089e+00
-1.070000000000000062e+00
2.580000000000000071e+00
-1.070000000000000062e+00
2.560000000000000053e+00
-1.090000000000000080e+00
2.640000000000000124e+00
-1.100000000000000089e+00
2.660000000000000142e+00
-1.100000000000000089e+00
2.640000000000000124e+00
-1.090000000000000080e+00
2.620000000000000107e+00
-1.080000000000000071e+00
2.600000000000000089e+00
-1.070000000000000062e+00
2.580000000000000071e+00
-1.070000000000000062e+00
2.560000000000000053e+00
-1.090000000000000080e+00
2.640000000000000124e+00
-1.090000000000000080e+00
2.620000000000000107e+00
-1.080000000000000071e+00
2.600000000000000089e+00
-1.080000000000000071e+00
2.580000000000000071e+00
-1.070000000000000062e+00
2.560000000000000053e+00
-1.080000000000000071e+00
2.600000000000000089e+00
-1.080000000000000071e+00
2.580000000000000071e+00
-1.070000000000000062e+00
2.560000000000000053e+00
-1.080000000000000071e+00
2.580000000000000071e+00
-1.209999999999999964e+00
-9.899999999999999911e-01
2.640000000000000124e+00
-1.080000000000000071e+00
2.580000000000000071e+00
-1.060000000000000053e+00
2.520000000000000018e+00
-1.040000000000000036e+00
2.459999999999999964e+00
-1.100000000000000089e+00
2.640000000000000124e+00
-1.070000000000000062e+00
2.580000000000000071e+00
-1.100000000000000089e+00
2.640000000000000124e+00
-1.090000000000000080e+00
2.640000000000000124e+00
-1.090000000000000080e+00
2.640000000000000124e+00
-1.080000000000000071e+00
2.580000000000000071e+00
-1.060000000000000053e+00
2.520000000000000018e+00
-1.080000000000000071e+00
2.580000000000000071e+00
-1.060000000000000053e+00
2.520000000000000018e+00
-1.090000000000000080e+00
2.600000000000000089e+00
-1.050000000000000044e+00
2.500000000000000000e+00
-1.080000000000000071e+00
2.600000000000000089e+00
-1.080000000000000071e+00
2.600000000000000089e+00
-1.080000000000000071e+00
2.600000000000000089e+00
-1.080000000000000071e+00
2.600000000000000089e+00
-1.050000000000000044e+00
2.500000000000000000e+00
-1.070000000000000062e+00
2.560000000000000053e+00
-1.030000000000000027e+00
2.419999999999999929e+00
-1.070000000000000062e+00
2.560000000000000053e+00
-1.070000000000000062e+00
2.560000000000000053e+00
-1.070000000000000062e+00
2.560000000000000053e+00
-1.060000000000000053e+00
2.520000000000000018e+00
-1.060000000000000053e+00
2.520000000000000018e+00
-1.060000000000000053e+00
2.520000000000000018e+00
-1.050000000000000044e+00
2.479999999999999982e+00
-1.040000000000000036e+00
2.479999999999999982e+00
-1.030000000000000027e+00
2.439999999999999947e+00
