-1.020000000000000018e+00
-6.600000000000000311e-01
3.209999999999999964e+00
-9.599999999999999645e-01
-6.999999999999999556e-01
3.189999999999999947e+00
-8.699999999999999956e-01
-7.800000000000000266e-01
3.169999999999999929e+00
-8.199999999999999512e-01
3.149999999999999911e+00
-8.199999999999999512e-01
3.129999999999999893e+00
-8.100000000000000533e-01
3.109999999999999876e+00
-8.000000000000000444e-01
3.089999999999999858e+00
-8.000000000000000444e-01
3.069999999999999840e+00
-9.399999999999999467e-01
-7.099999999999999645e-01
3.169999999999999929e+00
-8.100000000000000533e-01
3.109999999999999876e+00
-7.900000000000000355e-01
3.049999999999999822e+00
-7.700000000000000178e-01
2.990000000000000213e+00
-8.100000000000000533e-01
3.140000000000000124e+00
-7.800000000000000266e-01
3.029999999999999805e+00
-8.000000000000000444e-01
3.100000000000000089e+00
-7.900000000000000355e-01
3.060000000000000053e+00
-7.700000000000000178e-01
3.020000000000000018e+00
-7.600000000000000089e-01
2.979999999999999982e+00
-9.599999999999999645e-01
-7.099999999999999645e-01
3.189999999999999947e+00
-8.299999999999999600e-01
3.169999999999999929e+00
-8.199999999999999512e-01
3.149999999999999911e+00
-8.199999999999999512e-01
3.129999999999999893e+00
-8.100000000000000533e-01
3.109999999999999876e+00
-8.000000000000000444e-01
3.089999999999999858e+00
-8.000000000000000444e-01
3.069999999999999840e+00
-8.100000000000000533e-01
3.109999999999999876e+00
-7.900000000000000355e-01
3.049999999999999822e+00
-7.800000000000000266e-01
3.040000000000000036e+00
-8.299999999999999600e-01
3.169999999999999929e+00
-8.199999999999999512e-01
3.149999999999999911e+00
-8.199999999999999512e-01
3.129999999999999893e+00
-8.100000000000000533e-01
3.109999999999999876e+00
-8.100000000000000533e-01
3.089999999999999858e+00
-8.000000000000000444e-01
3.069999999999999840e+00
-7.900000000000000355e-01
3.049999999999999822e+00
-8.199999999999999512e-01
3.149999999999999911e+00
-8.199999999999999512e-01
3.129999999999999893e+00
-8.100000000000000533e-01
3.109999999999999876e+00
-8.100000000000000533e-01
3.089999999999999858e+00
-8.199999999999999512e-01
3.129999999999999893e+00
-8.100000000000000533e-01
3.109999999999999876e+00
-8.100000000000000533e-01
3.089999999999999858e+00
-8.199999999999999512e-01
3.109999999999999876e+00
-8.100000000000000533e-01
3.089999999999999858e+00
-8.100000000000000533e-01
3.089999999999999858e+00
-9.799999999999999822e-01
-7.099999999999999645e-01
3.209999999999999964e+00
-8.399999999999999689e-01
3.189999999999999947e+00
-8.299999999999999600e-01
3.169999999999999929e+00
-8.299999999999999600e-01
3.140000000000000124e+00
-8.299999999999999600e-01
3.169999999999999929e+00
-8.100000000000000533e-01
3.109999999999999876e+00
-8.100000000000000533e-01
3.129999999999999893e+00
-7.800000000000000266e-01
3.029999999999999805e+00
-8.000000000000000444e-01
3.089999999999999858e+00
-7.900000000000000355e-01
3.049999999999999822e+00
-7.800000000000000266e-01
3.009999999999999787e+00
-8.399999999999999689e-01
3.189999999999999947e+00
-8.399999999999999689e-01
3.169999999999999929e+00
-8.299999999999999600e-01
3.140000000000000124e+00
-8.100000000000000533e-01
3.109999999999999876e+00
-8.399999999999999689e-01
3.169999999999999929e+00
-8.299999999999999600e-01
3.140000000000000124e+00
-8.900000000000000133e-01
3.209999999999999964e+00
-8.399999999999999689e-01
3.189999999999999947e+00
-8.299999999999999600e-01
3.169999999999999929e+00
-8.100000000000000533e-01
3.109999999999999876e+00
-8.199999999999999512e-01
3.129999999999999893e+00
-8.000000000000000444e-01
3.089999999999999858e+00
-7.900000000000000355e-01
3.049999999999999822e+00
-8.499999999999999778e-01
3.189999999999999947e+00
-8.499999999999999778e-01
3.209999999999999964e+00
-8.399999999999999689e-01
3.180000000000000160e+00
-8.299999999999999600e-01
3.169999999999999929e+00
-8.199999999999999512e-01
3.129999999999999893e+00
-8.100000000000000533e-01
3.089999999999999858e+00
-8.499999999999999778e-01
3.180000000000000160e+00
-8.499999999999999778e-01
3.209999999999999964e+00
-8.399999999999999689e-01
3.169999999999999929e+00
-8.199999999999999512e-01
3.129999999999999893e+00
-8.499999999999999778e-01
3.200000000000000178e+00
-8.399999999999999689e-01
3.169999999999999929e+00
-8.299999999999999600e-01
3.129999999999999893e+00
-8.499999999999999778e-01
3.200000000000000178e+00
-8.399999999999999689e-01
3.160000000000000142e+00
-8.499999999999999778e-01
3.200000000000000178e+00
